#depth	Te	Htot	hden	eden	2H_2/H	HI	HII	HeI	HeII	HeIII	CO/C	C1	C2	C3	C4	O1	O2	O3	O4	O5	O6	H2O/O	AV(point)	AV(extend)
1.07948e+13	7.9242e+03	3.139e-20	1.0000e+02	1.1140e+02	1.4390e-19	4.2792e-05	9.9996e-01	2.0476e-04	8.7597e-01	1.2383e-01	8.1115e-28	5.1842e-08	4.0640e-03	9.2853e-01	6.7323e-02	2.0198e-07	1.1592e-02	9.2080e-01	6.7602e-02	1.1363e-06	1.4478e-15	6.9323e-36	0.00e+00	0.00e+00
6.47689e+13	7.9226e+03	3.138e-20	1.0000e+02	1.1137e+02	1.4394e-19	4.2793e-05	9.9996e-01	2.0473e-04	8.7596e-01	1.2383e-01	8.1067e-28	5.1870e-08	4.0649e-03	9.2843e-01	6.7427e-02	2.0191e-07	1.1587e-02	9.2084e-01	6.7567e-02	1.1354e-06	1.1755e-36	6.9197e-36	0.00e+00	0.00e+00
2.80665e+14	7.9186e+03	3.139e-20	1.0000e+02	1.1137e+02	1.4448e-19	4.2819e-05	9.9996e-01	2.0484e-04	8.7607e-01	1.2372e-01	8.1320e-28	5.1933e-08	4.0687e-03	9.2850e-01	6.7352e-02	2.0212e-07	1.1592e-02	9.2103e-01	6.7373e-02	1.1304e-06	1.1755e-36	6.9403e-36	0.00e+00	0.00e+00
1.14425e+15	7.9083e+03	3.139e-20	1.0000e+02	1.1136e+02	1.4590e-19	4.2896e-05	9.9996e-01	2.0527e-04	8.7670e-01	1.2309e-01	8.2081e-28	5.2130e-08	4.0791e-03	9.2869e-01	6.7154e-02	2.0282e-07	1.1610e-02	9.2179e-01	6.6599e-02	1.1105e-06	1.1755e-36	7.0019e-36	0.00e+00	0.00e+00
2.73325e+15	7.9000e+03	3.138e-20	1.0000e+02	1.1136e+02	1.4746e-19	4.2960e-05	9.9996e-01	2.0547e-04	8.7631e-01	1.2349e-01	8.2935e-28	5.2280e-08	4.0884e-03	9.2873e-01	6.7103e-02	2.0331e-07	1.1620e-02	9.2288e-01	6.5502e-02	1.0818e-06	1.1755e-36	7.0936e-36	0.00e+00	0.00e+00
4.79894e+15	7.8926e+03	3.135e-20	1.0000e+02	1.1136e+02	1.4500e-19	4.3041e-05	9.9996e-01	2.0590e-04	8.7646e-01	1.2333e-01	8.2222e-28	5.2490e-08	4.1001e-03	9.2884e-01	6.6982e-02	2.0414e-07	1.1645e-02	9.2426e-01	6.4091e-02	1.0457e-06	1.1755e-36	6.8104e-36	0.00e+00	0.00e+00
7.48434e+15	7.8849e+03	3.132e-20	1.0000e+02	1.1136e+02	1.4731e-19	4.3142e-05	9.9996e-01	2.0656e-04	8.7721e-01	1.2259e-01	8.3799e-28	5.2737e-08	4.1123e-03	9.2904e-01	6.6775e-02	2.0523e-07	1.1678e-02	9.2603e-01	6.2288e-02	1.0003e-06	1.1755e-36	6.9933e-36	0.00e+00	0.00e+00
1.09754e+16	7.8766e+03	3.128e-20	1.0000e+02	1.1134e+02	1.4910e-19	4.3263e-05	9.9996e-01	2.0751e-04	8.7871e-01	1.2108e-01	8.5304e-28	5.3033e-08	4.1255e-03	9.2934e-01	6.6460e-02	2.0660e-07	1.1720e-02	9.2828e-01	6.0002e-02	9.4427e-07	1.1755e-36	7.1278e-36	0.00e+00	0.00e+00
1.55137e+16	7.8676e+03	3.122e-20	1.0000e+02	1.1133e+02	1.5145e-19	4.3418e-05	9.9996e-01	2.0886e-04	8.8128e-01	1.1851e-01	8.7334e-28	5.3411e-08	4.1416e-03	9.2979e-01	6.5996e-02	2.0839e-07	1.1776e-02	9.3111e-01	5.7113e-02	1.1755e-36	1.1755e-36	7.3199e-36	0.00e+00	0.00e+00
2.14135e+16	7.8570e+03	3.115e-20	1.0000e+02	1.1129e+02	1.5412e-19	4.3612e-05	9.9996e-01	2.1073e-04	8.8525e-01	1.1454e-01	8.9842e-28	5.3883e-08	4.1615e-03	9.3042e-01	6.5349e-02	2.1069e-07	1.1848e-02	9.3464e-01	5.3514e-02	1.1755e-36	1.1755e-36	7.5427e-36	0.00e+00	0.00e+00
2.90833e+16	7.8462e+03	3.106e-20	1.0000e+02	1.1124e+02	1.5717e-19	4.3849e-05	9.9996e-01	2.1325e-04	8.9108e-01	1.0871e-01	9.3025e-28	5.4477e-08	4.1862e-03	9.3127e-01	6.4485e-02	2.1359e-07	1.1940e-02	9.3896e-01	4.9095e-02	1.1755e-36	1.1755e-36	7.8182e-36	0.00e+00	0.00e+00
3.90540e+16	7.8336e+03	3.095e-20	1.0000e+02	1.1117e+02	1.6085e-19	4.4148e-05	9.9996e-01	2.1667e-04	8.9925e-01	1.0053e-01	9.7195e-28	5.5257e-08	4.2183e-03	9.3239e-01	6.3342e-02	2.1739e-07	1.2061e-02	9.4416e-01	4.3781e-02	1.1755e-36	1.1755e-36	8.1679e-36	0.00e+00	0.00e+00
5.20160e+16	7.8200e+03	3.082e-20	1.0000e+02	1.1107e+02	1.6533e-19	4.4519e-05	9.9996e-01	2.2118e-04	9.1016e-01	8.9616e-02	1.0273e-27	5.6260e-08	4.2589e-03	9.3381e-01	6.1886e-02	2.2229e-07	1.2218e-02	9.5020e-01	3.7577e-02	1.1755e-36	1.1755e-36	8.6285e-36	0.00e+00	0.00e+00
6.88665e+16	7.8054e+03	3.067e-20	1.0000e+02	1.1095e+02	1.7109e-19	4.4989e-05	9.9995e-01	2.2698e-04	9.2393e-01	7.5846e-02	1.1031e-27	5.7563e-08	4.3109e-03	9.3556e-01	6.0094e-02	2.2868e-07	1.2421e-02	9.5695e-01	3.0630e-02	1.1755e-36	1.1755e-36	9.2694e-36	0.00e+00	0.00e+00
9.07721e+16	7.7898e+03	3.050e-20	1.0000e+02	1.1079e+02	1.8107e-19	4.5589e-05	9.9995e-01	2.3417e-04	9.4005e-01	5.9714e-02	1.2233e-27	5.9236e-08	4.3795e-03	9.3759e-01	5.8000e-02	2.3710e-07	1.2684e-02	9.6402e-01	2.3293e-02	1.1755e-36	1.1755e-36	1.0476e-35	0.00e+00	0.00e+00
1.19249e+17	7.7746e+03	3.031e-20	1.0000e+02	1.1059e+02	1.8826e-19	4.6364e-05	9.9995e-01	2.4265e-04	9.5714e-01	4.2614e-02	1.3575e-27	6.1472e-08	4.4616e-03	9.3986e-01	5.5656e-02	2.4792e-07	1.3010e-02	9.7084e-01	1.6155e-02	1.1755e-36	1.1755e-36	1.1475e-35	0.00e+00	0.00e+00
1.56270e+17	7.7594e+03	3.014e-20	1.0000e+02	1.1044e+02	2.0498e-19	4.7405e-05	9.9995e-01	2.5252e-04	9.7307e-01	2.6675e-02	1.6038e-27	6.4456e-08	4.5771e-03	9.4223e-01	5.3178e-02	2.6264e-07	1.3433e-02	9.7664e-01	9.9255e-03	1.1755e-36	1.1755e-36	1.3949e-35	0.00e+00	0.00e+00
2.04397e+17	7.7480e+03	2.997e-20	1.0000e+02	1.1027e+02	2.1888e-19	4.8755e-05	9.9995e-01	2.6342e-04	9.8559e-01	1.4150e-02	1.9106e-27	6.8482e-08	4.7168e-03	9.4461e-01	5.0665e-02	2.8150e-07	1.3938e-02	9.8083e-01	5.2343e-03	1.1755e-36	1.1755e-36	1.6476e-35	0.00e+00	0.00e+00
2.66962e+17	7.7340e+03	2.984e-20	1.0000e+02	1.1018e+02	2.4486e-19	5.0586e-05	9.9995e-01	2.7605e-04	9.9360e-01	6.1244e-03	2.4506e-27	7.3992e-08	4.9126e-03	9.4699e-01	4.8090e-02	3.0728e-07	1.4576e-02	9.8314e-01	2.2862e-03	1.1755e-36	1.1755e-36	2.1594e-35	0.00e+00	0.00e+00
3.48296e+17	7.7255e+03	2.973e-20	1.0000e+02	1.1014e+02	2.7793e-19	5.3016e-05	9.9995e-01	2.9113e-04	9.9762e-01	2.0887e-03	3.3155e-27	8.1671e-08	5.1621e-03	9.4948e-01	4.5355e-02	3.4218e-07	1.5370e-02	9.8383e-01	7.9909e-04	1.1755e-36	1.1755e-36	2.9715e-35	0.00e+00	0.00e+00
4.13981e+17	7.7132e+03	2.962e-20	1.0000e+02	1.1011e+02	3.0356e-19	5.4910e-05	9.9995e-01	3.0268e-04	9.9884e-01	8.5648e-04	4.1560e-27	8.8052e-08	5.3677e-03	9.5120e-01	4.3431e-02	3.7146e-07	1.5989e-02	9.8366e-01	3.4755e-04	1.1755e-36	1.1755e-36	3.7205e-35	0.00e+00	0.00e+00
4.55379e+17	7.7118e+03	2.957e-20	1.0000e+02	1.1011e+02	3.2299e-19	5.6153e-05	9.9994e-01	3.1008e-04	9.9918e-01	5.0681e-04	4.8123e-27	9.2216e-08	5.4921e-03	9.5220e-01	4.2308e-02	3.9070e-07	1.6381e-02	9.8341e-01	2.0951e-04	1.1755e-36	1.1755e-36	4.3618e-35	0.00e+00	0.00e+00
5.00916e+17	7.7087e+03	2.953e-20	1.0000e+02	1.1012e+02	3.4554e-19	5.7561e-05	9.9994e-01	3.1835e-04	9.9939e-01	2.8881e-04	5.6534e-27	9.7111e-08	5.6390e-03	9.5324e-01	4.1119e-02	4.1319e-07	1.6825e-02	9.8305e-01	1.2188e-04	1.1755e-36	1.1755e-36	5.1753e-35	0.00e+00	0.00e+00
5.51008e+17	7.7044e+03	2.948e-20	1.0000e+02	1.1012e+02	3.7039e-19	5.9144e-05	9.9994e-01	3.2759e-04	9.9951e-01	1.5853e-04	6.7130e-27	1.0282e-07	5.8048e-03	9.5434e-01	3.9854e-02	4.3931e-07	1.7322e-02	9.8261e-01	6.8449e-05	1.1755e-36	1.1755e-36	6.1732e-35	0.00e+00	0.00e+00
6.06109e+17	7.6983e+03	2.943e-20	1.0000e+02	1.1012e+02	4.0391e-19	6.0904e-05	9.9994e-01	3.3790e-04	9.9958e-01	8.3933e-05	8.1627e-27	1.0932e-07	5.9910e-03	9.5547e-01	3.8536e-02	4.6944e-07	1.7876e-02	9.8209e-01	3.7154e-05	1.1755e-36	1.1755e-36	7.6350e-35	0.00e+00	0.00e+00
6.66720e+17	7.6965e+03	2.937e-20	1.0000e+02	1.1012e+02	4.2861e-19	6.2852e-05	9.9994e-01	3.4928e-04	9.9961e-01	4.2965e-05	9.8056e-27	1.1686e-07	6.1975e-03	9.5664e-01	3.7162e-02	5.0427e-07	1.8492e-02	9.8149e-01	1.9532e-05	1.1755e-36	1.1755e-36	8.9987e-35	0.00e+00	0.00e+00
7.33392e+17	7.6886e+03	2.931e-20	1.0000e+02	1.1012e+02	4.7602e-19	6.5051e-05	9.9993e-01	3.6218e-04	9.9962e-01	2.1306e-05	1.2367e-26	1.2555e-07	6.4306e-03	9.5785e-01	3.5716e-02	5.4523e-07	1.9188e-02	9.8080e-01	9.9714e-06	1.1755e-36	1.1755e-36	1.1609e-34	0.00e+00	0.00e+00
8.06731e+17	7.6846e+03	2.923e-20	1.0000e+02	1.1012e+02	5.2435e-19	6.7500e-05	9.9993e-01	3.7652e-04	9.9961e-01	1.0274e-05	1.5711e-26	1.3587e-07	6.6973e-03	9.5909e-01	3.4217e-02	5.9333e-07	1.9969e-02	9.8003e-01	4.9640e-06	1.1755e-36	1.1755e-36	1.4854e-34	0.00e+00	0.00e+00
8.87404e+17	7.6772e+03	2.915e-20	1.0000e+02	1.1012e+02	5.9017e-19	7.0245e-05	9.9993e-01	3.9271e-04	9.9960e-01	4.8299e-06	2.0539e-26	1.4767e-07	6.9900e-03	9.6034e-01	3.2665e-02	6.4998e-07	2.0847e-02	9.7915e-01	2.4222e-06	1.1755e-36	1.1755e-36	1.9854e-34	0.00e+00	0.00e+00
9.76144e+17	7.6696e+03	2.907e-20	1.0000e+02	1.1012e+02	6.6521e-19	7.3333e-05	9.9993e-01	4.1094e-04	9.9959e-01	2.2192e-06	2.7265e-26	1.6171e-07	7.3244e-03	9.6162e-01	3.1059e-02	7.1758e-07	2.1843e-02	9.7816e-01	1.1675e-06	1.1755e-36	1.1755e-36	2.6717e-34	0.00e+00	0.00e+00
1.07376e+18	7.6614e+03	2.897e-20	1.0000e+02	1.1012e+02	7.5584e-19	7.6803e-05	9.9992e-01	4.3149e-04	9.9957e-01	9.9813e-07	3.6951e-26	1.7830e-07	7.7017e-03	9.6289e-01	2.9412e-02	7.9844e-07	2.2969e-02	9.7703e-01	5.6310e-07	1.1755e-36	1.1755e-36	3.6674e-34	0.00e+00	0.00e+00
1.18113e+18	7.6520e+03	2.886e-20	1.0000e+02	1.1012e+02	8.6720e-19	8.0713e-05	9.9992e-01	4.5473e-04	9.9954e-01	4.3964e-07	5.1230e-26	1.9801e-07	8.1287e-03	9.6414e-01	2.7728e-02	8.9594e-07	2.4248e-02	9.7575e-01	1.1755e-36	1.1755e-36	1.1755e-36	5.1493e-34	0.00e+00	0.00e+00
1.29925e+18	7.6415e+03	2.874e-20	1.0000e+02	1.1012e+02	9.8855e-19	8.5126e-05	9.9991e-01	4.8108e-04	9.9952e-01	1.8962e-07	7.1628e-26	2.2155e-07	8.6128e-03	9.6537e-01	2.6019e-02	1.0143e-06	2.5703e-02	9.7430e-01	1.1755e-36	1.1755e-36	1.1755e-36	7.1509e-34	0.00e+00	0.00e+00
1.42917e+18	7.6295e+03	2.861e-20	1.0000e+02	1.1012e+02	1.1585e-18	9.0116e-05	9.9991e-01	5.1102e-04	9.9949e-01	8.0036e-08	1.0428e-25	2.4987e-07	9.1633e-03	9.6654e-01	2.4292e-02	1.1592e-06	2.7365e-02	9.7263e-01	1.1755e-36	1.1755e-36	1.1755e-36	1.0542e-33	0.00e+00	0.00e+00
1.57209e+18	7.6160e+03	2.846e-20	1.0000e+02	1.1011e+02	1.3445e-18	9.5771e-05	9.9990e-01	5.4515e-04	9.9945e-01	3.3037e-08	1.5275e-25	2.8414e-07	9.7907e-03	9.6765e-01	2.2559e-02	1.3379e-06	2.9268e-02	9.7073e-01	1.1755e-36	1.1755e-36	1.1755e-36	1.5254e-33	0.00e+00	0.00e+00
1.72930e+18	7.6009e+03	2.830e-20	1.0000e+02	1.1011e+02	1.5965e-18	1.0220e-04	9.9990e-01	5.8417e-04	9.9942e-01	1.3327e-08	2.3229e-25	3.2608e-07	1.0514e-02	9.6865e-01	2.0832e-02	1.5605e-06	3.1453e-02	9.6855e-01	1.1755e-36	1.1755e-36	1.1755e-36	2.3179e-33	0.00e+00	0.00e+00
1.90223e+18	7.5836e+03	2.812e-20	1.0000e+02	1.1011e+02	1.9337e-18	1.0952e-04	9.9989e-01	6.2897e-04	9.9937e-01	5.2499e-09	3.6579e-25	3.7760e-07	1.1344e-02	9.6954e-01	1.9120e-02	1.8404e-06	3.3973e-02	9.6602e-01	1.1755e-36	1.1755e-36	1.1755e-36	3.6741e-33	0.00e+00	0.00e+00
2.09245e+18	7.5645e+03	2.792e-20	1.0000e+02	1.1011e+02	2.2955e-18	1.1789e-04	9.9988e-01	6.8056e-04	9.9932e-01	2.0188e-09	5.7425e-25	4.4131e-07	1.2299e-02	9.7026e-01	1.7437e-02	2.1956e-06	3.6889e-02	9.6311e-01	1.1755e-36	1.1755e-36	1.1755e-36	5.5863e-33	0.00e+00	0.00e+00
2.29593e+18	7.5426e+03	2.771e-20	1.0000e+02	1.1011e+02	2.8410e-18	1.2717e-04	9.9987e-01	7.3842e-04	9.9926e-01	7.7866e-10	9.4532e-25	5.1832e-07	1.3369e-02	9.7079e-01	1.5837e-02	2.6374e-06	4.0181e-02	9.5982e-01	1.1755e-36	1.1755e-36	1.1755e-36	9.2448e-33	0.00e+00	0.00e+00
2.50777e+18	7.5206e+03	2.748e-20	1.0000e+02	1.1011e+02	3.4448e-18	1.3723e-04	9.9986e-01	8.0185e-04	9.9920e-01	3.0803e-10	1.5263e-24	6.0935e-07	1.4541e-02	9.7110e-01	1.4360e-02	3.1745e-06	4.3803e-02	9.5619e-01	1.1755e-36	1.1755e-36	1.1755e-36	1.4610e-32	0.00e+00	0.00e+00
2.72808e+18	7.4973e+03	2.724e-20	1.0000e+02	1.1011e+02	4.1986e-18	1.4817e-04	9.9985e-01	8.7155e-04	9.9913e-01	1.2476e-10	2.4751e-24	7.1709e-07	1.5826e-02	9.7118e-01	1.2998e-02	3.8291e-06	4.7794e-02	9.5220e-01	1.1755e-36	1.1755e-36	1.1755e-36	2.3229e-32	0.00e+00	0.00e+00
2.95721e+18	7.4736e+03	2.700e-20	1.0000e+02	1.1010e+02	5.1335e-18	1.6008e-04	9.9984e-01	9.4833e-04	9.9905e-01	5.1683e-11	4.0254e-24	8.4493e-07	1.7239e-02	9.7102e-01	1.1744e-02	4.6291e-06	5.2196e-02	9.4780e-01	1.1755e-36	1.1755e-36	1.1755e-36	3.7025e-32	0.00e+00	0.00e+00
3.19549e+18	7.4493e+03	2.675e-20	1.0000e+02	1.1010e+02	6.1789e-18	1.7309e-04	9.9983e-01	1.0333e-03	9.9897e-01	2.1918e-11	6.4448e-24	9.9714e-07	1.8796e-02	9.7061e-01	1.0590e-02	5.6108e-06	5.7065e-02	9.4293e-01	1.1755e-36	1.1755e-36	1.1755e-36	5.6811e-32	0.00e+00	0.00e+00
3.44331e+18	7.4252e+03	2.649e-20	1.0000e+02	1.1010e+02	7.7298e-18	1.8733e-04	9.9981e-01	1.1275e-03	9.9887e-01	9.5541e-12	1.0721e-23	1.1789e-06	2.0520e-02	9.6995e-01	9.5296e-03	6.8190e-06	6.2456e-02	9.3754e-01	1.1755e-36	1.1755e-36	1.1755e-36	9.4207e-32	0.00e+00	0.00e+00
3.70105e+18	7.4014e+03	2.623e-20	1.0000e+02	1.1010e+02	9.7311e-18	2.0299e-04	9.9980e-01	1.2325e-03	9.9877e-01	4.3174e-12	1.7954e-23	1.3968e-06	2.2435e-02	9.6901e-01	8.5550e-03	8.3129e-06	6.8445e-02	9.3155e-01	1.1755e-36	1.1755e-36	1.1755e-36	1.5747e-31	0.00e+00	0.00e+00
3.96909e+18	7.3784e+03	2.597e-20	1.0000e+02	1.1009e+02	1.2395e-17	2.2026e-04	9.9978e-01	1.3503e-03	9.9865e-01	2.0520e-12	3.0457e-23	1.6595e-06	2.4573e-02	9.6777e-01	7.6602e-03	1.0169e-05	7.5116e-02	9.2487e-01	1.1755e-36	1.1755e-36	1.1755e-36	2.6872e-31	0.00e+00	0.00e+00
4.24785e+18	7.3573e+03	2.570e-20	1.0000e+02	1.1009e+02	1.5614e-17	2.3943e-04	9.9976e-01	1.4832e-03	9.9852e-01	1.0465e-12	5.1212e-23	1.9779e-06	2.6972e-02	9.6619e-01	6.8398e-03	1.2490e-05	8.2571e-02	9.1742e-01	1.1755e-36	1.1755e-36	1.1755e-36	4.4687e-31	0.00e+00	0.00e+00
4.53777e+18	7.3384e+03	2.543e-20	1.0000e+02	1.1008e+02	1.9978e-17	2.6082e-04	9.9974e-01	1.6342e-03	9.9837e-01	5.8411e-13	8.7739e-23	2.3664e-06	2.9683e-02	9.6423e-01	6.0879e-03	1.5409e-05	9.0938e-02	9.0905e-01	1.1755e-36	1.1755e-36	1.1755e-36	7.6612e-31	0.00e+00	0.00e+00
4.83928e+18	7.3230e+03	2.516e-20	1.0000e+02	1.1008e+02	2.5424e-17	2.8486e-04	9.9972e-01	1.8073e-03	9.9819e-01	3.6051e-13	1.5014e-22	2.8446e-06	3.2770e-02	9.6183e-01	5.3996e-03	1.9112e-05	1.0037e-01	8.9961e-01	1.1755e-36	1.1755e-36	1.1755e-36	1.2969e-30	0.00e+00	0.00e+00
5.15285e+18	7.3120e+03	2.489e-20	1.0000e+02	1.1007e+02	3.2661e-17	3.1211e-04	9.9969e-01	2.0079e-03	9.9799e-01	2.4443e-13	2.6094e-22	3.4386e-06	3.6316e-02	9.5891e-01	4.7698e-03	2.3852e-05	1.1106e-01	8.8891e-01	1.1755e-36	1.1755e-36	1.1755e-36	2.2398e-30	0.00e+00	0.00e+00
5.47896e+18	7.3072e+03	2.463e-20	1.0000e+02	1.1007e+02	4.2109e-17	3.4327e-04	9.9966e-01	2.2433e-03	9.9776e-01	1.7843e-13	4.5874e-22	4.1854e-06	4.0435e-02	9.5537e-01	4.1940e-03	2.9988e-05	1.2327e-01	8.7670e-01	1.1755e-36	1.1755e-36	1.1755e-36	3.9036e-30	0.00e+00	0.00e+00
5.78252e+18	7.3037e+03	2.439e-20	1.0000e+02	1.1006e+02	5.2382e-17	3.7474e-04	9.9963e-01	2.4883e-03	9.9751e-01	1.3892e-13	7.5749e-22	5.0169e-06	4.4684e-02	9.5159e-01	3.7222e-03	3.7041e-05	1.3575e-01	8.6421e-01	1.1755e-36	1.1755e-36	1.1755e-36	6.2969e-30	0.00e+00	0.00e+00
6.04347e+18	7.3073e+03	2.421e-20	1.0000e+02	1.1006e+02	6.3467e-17	4.0489e-04	9.9960e-01	2.7280e-03	9.9727e-01	1.1670e-13	1.1724e-21	5.8816e-06	4.8810e-02	9.4783e-01	3.3557e-03	4.4495e-05	1.4753e-01	8.5242e-01	1.1755e-36	1.1755e-36	1.1755e-36	9.6008e-30	0.00e+00	0.00e+00
6.32784e+18	7.3255e+03	2.405e-20	1.0000e+02	1.1005e+02	7.8877e-17	4.4214e-04	9.9956e-01	3.0316e-03	9.9697e-01	9.9394e-14	1.9154e-21	7.0201e-06	5.3935e-02	9.4307e-01	2.9909e-03	5.4535e-05	1.6164e-01	8.3830e-01	1.1755e-36	1.1755e-36	1.1755e-36	1.5585e-29	0.00e+00	0.00e+00
6.63917e+18	7.3500e+03	2.387e-20	1.0000e+02	1.1004e+02	9.8751e-17	4.8669e-04	9.9951e-01	3.4095e-03	9.9659e-01	8.1449e-14	3.2375e-21	8.5184e-06	6.0220e-02	9.3713e-01	2.6365e-03	6.8121e-05	1.7868e-01	8.2125e-01	1.1755e-36	1.1755e-36	1.1755e-36	2.5947e-29	0.00e+00	0.00e+00
6.91757e+18	7.3808e+03	2.373e-20	1.0000e+02	1.1003e+02	1.2066e-16	5.3163e-04	9.9947e-01	3.8060e-03	9.9619e-01	6.9436e-14	5.2096e-21	1.0170e-05	6.6717e-02	9.3092e-01	2.3504e-03	8.3427e-05	1.9573e-01	8.0418e-01	1.1755e-36	1.1755e-36	1.1755e-36	4.1230e-29	0.00e+00	0.00e+00
7.16569e+18	7.4186e+03	2.362e-20	1.0000e+02	1.1002e+02	1.4439e-16	5.7703e-04	9.9942e-01	4.2236e-03	9.9578e-01	6.1045e-14	8.0354e-21	1.1968e-05	7.3407e-02	9.2447e-01	2.1152e-03	1.0043e-04	2.1268e-01	7.8722e-01	1.1755e-36	1.1755e-36	1.1755e-36	6.2918e-29	0.00e+00	0.00e+00
7.44239e+18	7.4720e+03	2.354e-20	1.0000e+02	1.1001e+02	1.7856e-16	6.3546e-04	9.9936e-01	4.7853e-03	9.9521e-01	5.3537e-14	1.3335e-20	1.4465e-05	8.2194e-02	9.1592e-01	1.8692e-03	1.2448e-04	2.3397e-01	7.6591e-01	1.1755e-36	1.1755e-36	1.1755e-36	1.0384e-28	0.00e+00	0.00e+00
7.73723e+18	7.5413e+03	2.346e-20	1.0000e+02	1.0999e+02	2.2238e-16	7.0606e-04	9.9929e-01	5.5078e-03	9.9449e-01	4.4742e-14	2.3027e-20	1.7791e-05	9.3179e-02	9.0517e-01	1.6339e-03	1.5729e-04	2.5970e-01	7.4014e-01	1.1755e-36	1.1755e-36	1.1755e-36	1.7780e-28	0.00e+00	0.00e+00
7.98807e+18	7.6150e+03	2.341e-20	1.0000e+02	1.0997e+02	2.6766e-16	7.7609e-04	9.9922e-01	6.2783e-03	9.9372e-01	3.8979e-14	3.7253e-20	2.1406e-05	1.0450e-01	8.9403e-01	1.4482e-03	1.9371e-04	2.8501e-01	7.1479e-01	1.1755e-36	1.1755e-36	1.1755e-36	2.8444e-28	0.00e+00	0.00e+00
8.20504e+18	7.6908e+03	2.339e-20	1.0000e+02	1.0996e+02	3.1620e-16	8.4616e-04	9.9915e-01	7.1109e-03	9.9289e-01	3.4908e-14	5.7693e-20	2.5337e-05	1.1625e-01	8.8242e-01	1.2951e-03	2.3393e-04	3.1003e-01	6.8974e-01	1.1755e-36	1.1755e-36	1.1755e-36	4.3674e-28	0.00e+00	0.00e+00
8.44560e+18	7.7833e+03	2.339e-20	1.0000e+02	1.0994e+02	3.8633e-16	9.3688e-04	9.9906e-01	8.2708e-03	9.9173e-01	3.1064e-14	9.6520e-20	3.0864e-05	1.3202e-01	8.6681e-01	1.1305e-03	2.9148e-04	3.4182e-01	6.5789e-01	1.1755e-36	1.1755e-36	1.1755e-36	7.2584e-28	0.00e+00	0.00e+00
8.70199e+18	7.9011e+03	2.341e-20	1.0000e+02	1.0991e+02	4.7730e-16	1.0504e-03	9.9895e-01	9.8973e-03	9.9010e-01	2.6182e-14	1.7101e-19	3.8522e-05	1.5282e-01	8.4617e-01	9.6830e-04	3.7276e-04	3.8147e-01	6.1816e-01	1.1755e-36	1.1755e-36	1.1755e-36	1.2710e-27	0.00e+00	0.00e+00
8.91886e+18	8.0242e+03	2.346e-20	1.0000e+02	1.0987e+02	5.7129e-16	1.1652e-03	9.9883e-01	1.1792e-02	9.8821e-01	2.2844e-14	2.8638e-19	4.7164e-05	1.7536e-01	8.2375e-01	8.3613e-04	4.6572e-04	4.2157e-01	5.7796e-01	1.1755e-36	1.1755e-36	1.1755e-36	2.0938e-27	0.00e+00	0.00e+00
9.10356e+18	8.1402e+03	2.351e-20	1.0000e+02	1.0984e+02	6.7303e-16	1.2809e-03	9.9872e-01	1.3996e-02	9.8600e-01	2.0424e-14	4.5836e-19	5.6766e-05	1.9955e-01	7.9967e-01	7.2465e-04	5.6989e-04	4.6161e-01	5.3782e-01	1.1755e-36	1.1755e-36	1.1755e-36	3.2937e-27	0.00e+00	0.00e+00
9.26266e+18	8.2534e+03	2.357e-20	1.0000e+02	1.0980e+02	7.7733e-16	1.3963e-03	9.9860e-01	1.6569e-02	9.8343e-01	1.8162e-14	7.0334e-19	6.7303e-05	2.2534e-01	7.7396e-01	6.3074e-04	6.8469e-04	5.0151e-01	4.9780e-01	1.1755e-36	1.1755e-36	1.1755e-36	4.9534e-27	0.00e+00	0.00e+00
9.40385e+18	8.3614e+03	2.363e-20	1.0000e+02	1.0975e+02	8.9140e-16	1.5144e-03	9.9849e-01	1.9678e-02	9.8032e-01	1.6495e-14	1.0538e-18	7.9102e-05	2.5351e-01	7.4586e-01	5.4651e-04	8.1310e-04	5.4197e-01	4.5722e-01	1.1755e-36	1.1755e-36	1.1755e-36	7.2615e-27	0.00e+00	0.00e+00
9.53042e+18	8.4692e+03	2.371e-20	1.0000e+02	1.0970e+02	1.0087e-15	1.6347e-03	9.9837e-01	2.3503e-02	9.7650e-01	1.4697e-14	1.5419e-18	9.2256e-05	2.8429e-01	7.1515e-01	4.7221e-04	9.5569e-04	5.8322e-01	4.1583e-01	1.1755e-36	1.1755e-36	1.1755e-36	1.0355e-26	0.00e+00	0.00e+00
9.63003e+18	8.5647e+03	2.377e-20	1.0000e+02	1.0965e+02	1.1139e-15	1.7410e-03	9.9826e-01	2.7690e-02	9.7231e-01	1.3424e-14	2.1172e-18	1.0507e-04	3.1369e-01	6.8579e-01	4.1320e-04	1.0922e-03	6.1990e-01	3.7901e-01	1.1755e-36	1.1755e-36	1.1755e-36	1.3869e-26	0.00e+00	0.00e+00
9.70997e+18	8.6349e+03	2.385e-20	1.0000e+02	1.0960e+02	1.2180e-15	1.8366e-03	9.9816e-01	3.2165e-02	9.6783e-01	1.2422e-14	2.7684e-18	1.1728e-04	3.4146e-01	6.5806e-01	3.6478e-04	1.2219e-03	6.5243e-01	3.4635e-01	1.1755e-36	1.1755e-36	1.1755e-36	1.7706e-26	0.00e+00	0.00e+00
9.78041e+18	8.7113e+03	2.390e-20	1.0000e+02	1.0955e+02	1.3113e-15	1.9262e-03	9.9807e-01	3.7333e-02	9.6267e-01	1.1522e-14	3.5278e-18	1.2961e-04	3.6925e-01	6.3030e-01	3.2228e-04	1.3515e-03	6.8337e-01	3.1528e-01	1.1755e-36	1.1755e-36	1.1755e-36	2.2045e-26	0.00e+00	0.00e+00
9.84597e+18	8.7817e+03	2.393e-20	1.0000e+02	1.0947e+02	1.4124e-15	2.0171e-03	9.9798e-01	4.3597e-02	9.5640e-01	1.0604e-14	4.4677e-18	1.4290e-04	3.9891e-01	6.0066e-01	2.8242e-04	1.4893e-03	7.1444e-01	2.8407e-01	1.1755e-36	1.1755e-36	1.1755e-36	2.7261e-26	0.00e+00	0.00e+00
9.90593e+18	8.8442e+03	2.400e-20	1.0000e+02	1.0940e+02	1.5160e-15	2.1074e-03	9.9789e-01	5.1383e-02	9.4862e-01	9.7218e-15	5.5815e-18	1.5675e-04	4.2951e-01	5.7009e-01	2.4586e-04	1.6324e-03	7.4519e-01	2.5317e-01	1.1755e-36	1.1755e-36	1.1755e-36	3.3196e-26	0.00e+00	0.00e+00
9.95800e+18	8.9005e+03	2.405e-20	1.0000e+02	1.0931e+02	1.6159e-15	2.1914e-03	9.9781e-01	6.0513e-02	9.3949e-01	8.9069e-15	6.8264e-18	1.7043e-04	4.5957e-01	5.4004e-01	2.1402e-04	1.7721e-03	7.7395e-01	2.2427e-01	1.1755e-36	1.1755e-36	1.1755e-36	3.9622e-26	0.00e+00	0.00e+00
1.00018e+19	8.9541e+03	2.408e-20	1.0000e+02	1.0920e+02	1.7011e-15	2.2652e-03	9.9773e-01	7.0784e-02	9.2922e-01	8.1987e-15	8.1139e-18	1.8318e-04	4.8752e-01	5.1211e-01	1.8731e-04	1.9012e-03	7.9973e-01	1.9837e-01	1.1755e-36	1.1755e-36	1.1755e-36	4.6013e-26	0.00e+00	0.00e+00
1.00396e+19	9.0014e+03	2.408e-20	1.0000e+02	1.0905e+02	1.7819e-15	2.3317e-03	9.9767e-01	8.2364e-02	9.1764e-01	7.5408e-15	9.4593e-18	1.9512e-04	5.1368e-01	4.8596e-01	1.6439e-04	2.0219e-03	8.2307e-01	1.7491e-01	1.1755e-36	1.1755e-36	1.1755e-36	5.2561e-26	0.00e+00	0.00e+00
1.00736e+19	9.0413e+03	2.410e-20	1.0000e+02	1.0891e+02	1.8606e-15	2.3946e-03	9.9761e-01	9.6182e-02	9.0382e-01	6.9085e-15	1.0880e-17	2.0669e-04	5.3888e-01	4.6077e-01	1.4389e-04	2.1392e-03	8.4502e-01	1.5284e-01	1.1755e-36	1.1755e-36	1.1755e-36	5.9207e-26	0.00e+00	0.00e+00
1.01044e+19	9.0740e+03	2.413e-20	1.0000e+02	1.0877e+02	1.9426e-15	2.4550e-03	9.9755e-01	1.1299e-01	8.8701e-01	6.2909e-15	1.2407e-17	2.1793e-04	5.6322e-01	4.3643e-01	1.2546e-04	2.2539e-03	8.6578e-01	1.3197e-01	1.1755e-36	1.1755e-36	1.1755e-36	6.6231e-26	0.00e+00	0.00e+00
1.01314e+19	9.1070e+03	2.411e-20	1.0000e+02	1.0854e+02	2.0102e-15	2.5075e-03	9.9749e-01	1.3235e-01	8.6765e-01	5.6834e-15	1.3904e-17	2.2814e-04	5.8560e-01	4.1406e-01	1.0966e-04	2.3584e-03	8.8452e-01	1.1312e-01	1.1755e-36	1.1755e-36	1.1755e-36	7.2757e-26	0.00e+00	0.00e+00
1.01548e+19	9.1373e+03	2.409e-20	1.0000e+02	1.0836e+02	2.0713e-15	2.5543e-03	9.9745e-01	1.5464e-01	8.4536e-01	5.1423e-15	1.5381e-17	2.3735e-04	6.0568e-01	3.9399e-01	9.6152e-05	2.4533e-03	9.0115e-01	9.6396e-02	1.1755e-36	1.1755e-36	1.1755e-36	7.9104e-26	0.00e+00	0.00e+00
1.01755e+19	9.1560e+03	2.407e-20	1.0000e+02	1.0812e+02	2.1376e-15	2.5974e-03	9.9740e-01	1.8031e-01	8.1969e-01	4.6160e-15	1.6849e-17	2.4566e-04	6.2388e-01	3.7579e-01	8.4394e-05	2.5409e-03	9.1594e-01	8.1517e-02	1.1755e-36	1.1755e-36	1.1755e-36	8.5235e-26	0.00e+00	0.00e+00
1.01940e+19	9.1776e+03	2.399e-20	1.0000e+02	1.0778e+02	2.1873e-15	2.6332e-03	9.9737e-01	2.0969e-01	7.9031e-01	4.0891e-15	1.8206e-17	2.5280e-04	6.4008e-01	3.5960e-01	7.4232e-05	2.6178e-03	9.2907e-01	6.8315e-02	1.1755e-36	1.1755e-36	1.1755e-36	9.0428e-26	0.00e+00	0.00e+00
1.02109e+19	9.1941e+03	2.392e-20	1.0000e+02	1.0749e+02	2.2416e-15	2.6681e-03	9.9733e-01	2.4437e-01	7.5563e-01	3.5968e-15	1.9608e-17	2.5944e-04	6.5489e-01	3.4478e-01	6.5101e-05	2.6905e-03	9.4084e-01	5.6473e-02	1.1755e-36	1.1755e-36	1.1755e-36	9.5829e-26	0.00e+00	0.00e+00
1.02263e+19	9.2050e+03	2.382e-20	1.0000e+02	1.0712e+02	2.2942e-15	2.6994e-03	9.9730e-01	2.8462e-01	7.1538e-01	3.1081e-15	2.0954e-17	2.6520e-04	6.6811e-01	3.3157e-01	5.7018e-05	2.7561e-03	9.5118e-01	4.6067e-02	1.1755e-36	1.1755e-36	1.1755e-36	1.0061e-25	0.00e+00	0.00e+00
1.02404e+19	9.2107e+03	2.368e-20	1.0000e+02	1.0668e+02	2.3485e-15	2.7271e-03	9.9727e-01	3.3042e-01	6.6958e-01	2.6407e-15	2.2262e-17	2.7005e-04	6.7962e-01	3.2006e-01	4.9913e-05	2.8141e-03	9.6004e-01	3.7151e-02	1.1755e-36	1.1755e-36	1.1755e-36	1.0505e-25	0.00e+00	0.00e+00
1.02533e+19	9.2131e+03	2.351e-20	1.0000e+02	1.0619e+02	2.4003e-15	2.7517e-03	9.9725e-01	3.8216e-01	6.1784e-01	2.1978e-15	2.3509e-17	2.7407e-04	6.8958e-01	3.1011e-01	4.3607e-05	2.8653e-03	9.6755e-01	2.9585e-02	1.1755e-36	1.1755e-36	1.1755e-36	1.0889e-25	0.00e+00	0.00e+00
1.02655e+19	9.2093e+03	2.330e-20	1.0000e+02	1.0563e+02	2.4528e-15	2.7747e-03	9.9723e-01	4.4056e-01	5.5944e-01	1.7643e-15	2.4699e-17	2.7739e-04	6.9822e-01	3.0146e-01	3.7893e-05	2.9114e-03	9.7391e-01	2.3181e-02	1.1755e-36	1.1755e-36	1.1755e-36	1.1198e-25	0.00e+00	0.00e+00
1.02773e+19	9.2005e+03	2.305e-20	1.0000e+02	1.0499e+02	2.5121e-15	2.7963e-03	9.9720e-01	5.0645e-01	4.9355e-01	1.3677e-15	2.5918e-17	2.8005e-04	7.0572e-01	2.9397e-01	3.2629e-05	2.9534e-03	9.7927e-01	1.7780e-02	1.1755e-36	1.1755e-36	1.1755e-36	1.1500e-25	0.00e+00	0.00e+00
1.02908e+19	9.1852e+03	2.264e-20	1.0000e+02	1.0392e+02	2.5690e-15	2.8136e-03	9.9719e-01	5.8940e-01	4.1060e-01	9.6756e-16	2.7045e-17	2.8148e-04	7.1248e-01	2.8721e-01	2.7081e-05	2.9902e-03	9.8424e-01	1.2766e-02	1.1755e-36	1.1755e-36	1.1755e-36	1.1612e-25	0.00e+00	0.00e+00
1.03054e+19	9.1587e+03	2.222e-20	1.0000e+02	1.0295e+02	2.6496e-15	2.8403e-03	9.9716e-01	6.8512e-01	3.1488e-01	5.8820e-16	2.8430e-17	2.8320e-04	7.1872e-01	2.8097e-01	2.1670e-05	3.0350e-03	9.8838e-01	8.5814e-03	1.1755e-36	1.1755e-36	1.1755e-36	1.1792e-25	0.00e+00	0.00e+00
1.03188e+19	9.1298e+03	2.184e-20	1.0000e+02	1.0219e+02	2.7263e-15	2.8697e-03	9.9713e-01	7.6998e-01	2.3002e-01	3.5007e-16	2.9660e-17	2.8468e-04	7.2336e-01	2.7633e-01	1.7216e-05	3.0783e-03	9.9114e-01	5.7796e-03	1.1755e-36	1.1755e-36	1.1755e-36	1.1909e-25	0.00e+00	0.00e+00
1.03336e+19	9.0970e+03	2.149e-20	1.0000e+02	1.0149e+02	2.7978e-15	2.9069e-03	9.9709e-01	8.4737e-01	1.5263e-01	1.8842e-16	3.0733e-17	2.8626e-04	7.2735e-01	2.7235e-01	1.3005e-05	3.1284e-03	9.9318e-01	3.6945e-03	1.1755e-36	1.1755e-36	1.1755e-36	1.1886e-25	0.00e+00	0.00e+00
1.03529e+19	9.0731e+03	2.114e-20	1.0000e+02	1.0080e+02	2.8192e-15	2.9573e-03	9.9704e-01	9.1609e-01	8.3910e-02	7.4712e-17	3.1321e-17	2.8815e-04	7.3104e-01	2.6866e-01	8.8574e-06	3.1928e-03	9.9475e-01	2.0582e-03	1.1755e-36	1.1755e-36	1.1755e-36	1.1468e-25	0.00e+00	0.00e+00
1.03779e+19	9.0559e+03	2.091e-20	1.0000e+02	1.0019e+02	2.7466e-15	3.0283e-03	9.9697e-01	9.6319e-01	3.6815e-02	2.1033e-17	3.0807e-17	2.9070e-04	7.3458e-01	2.6512e-01	5.2585e-06	3.2800e-03	9.9575e-01	9.6841e-04	1.1755e-36	1.1755e-36	1.1755e-36	1.0330e-25	0.00e+00	0.00e+00
1.04105e+19	9.0589e+03	2.084e-20	1.0000e+02	9.9873e+01	2.5868e-15	3.1318e-03	9.9687e-01	9.8713e-01	1.2872e-02	4.1199e-18	2.9511e-17	2.9491e-04	7.3864e-01	2.6106e-01	2.6307e-06	3.4037e-03	9.9622e-01	3.7345e-04	1.1755e-36	1.1755e-36	1.1755e-36	8.8136e-26	0.00e+00	0.00e+00
1.04528e+19	9.0798e+03	2.092e-20	1.0000e+02	9.9738e+01	2.4652e-15	3.2792e-03	9.9672e-01	9.9633e-01	3.6727e-03	5.5809e-19	2.8829e-17	3.0099e-04	7.4367e-01	2.5603e-01	1.0698e-06	3.5781e-03	9.9631e-01	1.1460e-04	1.1755e-36	1.1755e-36	1.1755e-36	7.7486e-26	0.00e+00	0.00e+00
1.05079e+19	9.1165e+03	2.110e-20	1.0000e+02	9.9729e+01	2.5138e-15	3.4917e-03	9.9651e-01	9.9909e-01	9.0772e-04	5.3717e-20	3.0398e-17	3.0949e-04	7.5029e-01	2.4940e-01	3.3604e-07	3.8293e-03	9.9614e-01	2.7073e-05	1.1755e-36	1.1755e-36	1.1755e-36	7.7906e-26	0.00e+00	0.00e+00
1.05794e+19	9.1688e+03	2.137e-20	1.0000e+02	9.9683e+01	2.8210e-15	3.8021e-03	9.9620e-01	9.9976e-01	2.4115e-04	4.5153e-21	3.5559e-17	3.2073e-04	7.5895e-01	2.4073e-01	1.1755e-36	4.1974e-03	9.9580e-01	4.7347e-06	1.1755e-36	1.1755e-36	1.1755e-36	9.3793e-26	0.00e+00	0.00e+00
1.06724e+19	9.2417e+03	2.176e-20	1.0000e+02	9.9644e+01	3.5256e-15	4.2809e-03	9.9572e-01	9.9990e-01	9.9260e-05	1.1755e-36	4.6914e-17	3.3612e-04	7.7064e-01	2.2902e-01	1.1755e-36	4.7673e-03	9.9523e-01	5.8089e-07	1.1755e-36	1.1755e-36	1.1755e-36	1.3759e-25	0.00e+00	0.00e+00
1.07933e+19	9.3427e+03	2.230e-20	1.0000e+02	9.9568e+01	5.1691e-15	5.0707e-03	9.9493e-01	9.9994e-01	5.5402e-05	1.1755e-36	7.3815e-17	3.5726e-04	7.8664e-01	2.1300e-01	1.1755e-36	5.7125e-03	9.9429e-01	4.6030e-08	1.1755e-36	1.1755e-36	1.1755e-36	2.6927e-25	0.00e+00	0.00e+00
1.09172e+19	9.4640e+03	2.297e-20	1.0000e+02	9.9459e+01	8.4049e-15	6.2190e-03	9.9378e-01	9.9997e-01	3.1631e-05	1.1755e-36	1.2998e-16	3.8061e-04	8.0391e-01	1.9571e-01	1.1755e-36	7.0942e-03	9.9291e-01	3.1822e-09	1.1755e-36	1.1755e-36	1.1755e-36	6.3744e-25	0.00e+00	0.00e+00
1.09974e+19	9.5556e+03	2.351e-20	1.0000e+02	9.9378e+01	1.2020e-14	7.3042e-03	9.9270e-01	9.9998e-01	2.2225e-05	1.1755e-36	1.9710e-16	3.9692e-04	8.1605e-01	1.8356e-01	1.1755e-36	8.4056e-03	9.9159e-01	5.7896e-10	1.1755e-36	1.1755e-36	1.1755e-36	1.1942e-24	0.00e+00	0.00e+00
1.10388e+19	9.6067e+03	2.378e-20	1.0000e+02	9.9275e+01	1.5379e-14	7.9969e-03	9.9200e-01	9.9998e-01	1.7097e-05	1.1755e-36	2.5990e-16	4.0596e-04	8.2287e-01	1.7672e-01	1.1755e-36	9.2453e-03	9.9075e-01	2.5396e-10	1.1755e-36	1.1755e-36	1.1755e-36	1.8550e-24	0.00e+00	0.00e+00
1.10680e+19	9.6413e+03	2.398e-20	1.0000e+02	9.9216e+01	1.7983e-14	8.5472e-03	9.9145e-01	9.9999e-01	1.4706e-05	1.1755e-36	3.1042e-16	4.1229e-04	8.2782e-01	1.7176e-01	1.1755e-36	9.9134e-03	9.9009e-01	1.4282e-10	1.1755e-36	1.1755e-36	1.1755e-36	2.4344e-24	0.00e+00	0.00e+00
1.10966e+19	9.6742e+03	2.418e-20	1.0000e+02	9.9157e+01	2.1072e-14	9.1467e-03	9.9085e-01	9.9999e-01	1.2800e-05	1.1755e-36	3.7123e-16	4.1873e-04	8.3308e-01	1.6650e-01	1.1755e-36	1.0642e-02	9.8936e-01	7.9312e-11	1.1755e-36	1.1755e-36	1.1755e-36	3.1964e-24	0.00e+00	0.00e+00
1.11338e+19	9.7182e+03	2.444e-20	1.0000e+02	9.9092e+01	2.5805e-14	1.0037e-02	9.8996e-01	9.9999e-01	1.0832e-05	1.1755e-36	4.6721e-16	4.2723e-04	8.4013e-01	1.5944e-01	1.1755e-36	1.1725e-02	9.8828e-01	3.7091e-11	1.1755e-36	1.1755e-36	1.1755e-36	4.5060e-24	0.00e+00	0.00e+00
1.11821e+19	9.7738e+03	2.479e-20	1.0000e+02	9.8955e+01	3.4918e-14	1.1435e-02	9.8856e-01	9.9999e-01	8.1720e-06	1.1755e-36	6.5435e-16	4.3863e-04	8.4972e-01	1.4984e-01	1.1755e-36	1.3429e-02	9.8657e-01	1.3893e-11	1.1755e-36	1.1755e-36	1.1755e-36	7.5204e-24	0.00e+00	0.00e+00
1.12302e+19	9.8352e+03	2.518e-20	1.0000e+02	9.8781e+01	4.8284e-14	1.3253e-02	9.8675e-01	9.9999e-01	6.0443e-06	1.1755e-36	9.3900e-16	4.5009e-04	8.5955e-01	1.4000e-01	1.1755e-36	1.5647e-02	9.8435e-01	5.2647e-12	1.1755e-36	1.1755e-36	1.1755e-36	1.2954e-23	0.00e+00	0.00e+00
1.12672e+19	9.8806e+03	2.551e-20	1.0000e+02	9.8630e+01	6.3600e-14	1.5082e-02	9.8492e-01	1.0000e+00	4.9085e-06	1.1755e-36	1.2726e-15	4.5938e-04	8.6787e-01	1.3167e-01	1.1755e-36	1.7880e-02	9.8212e-01	2.4877e-12	1.1755e-36	1.1755e-36	1.1755e-36	2.0376e-23	0.00e+00	0.00e+00
1.13046e+19	9.9258e+03	2.581e-20	1.0000e+02	9.8424e+01	8.6287e-14	1.7373e-02	9.8263e-01	1.0000e+00	3.9380e-06	1.1755e-36	1.7756e-15	4.6902e-04	8.7706e-01	1.2247e-01	1.1755e-36	2.0680e-02	9.7932e-01	1.1353e-12	1.1755e-36	1.1755e-36	1.1755e-36	3.3509e-23	0.00e+00	0.00e+00
1.13460e+19	9.9801e+03	2.615e-20	1.0000e+02	9.8066e+01	1.2592e-13	2.0728e-02	9.7927e-01	1.0000e+00	2.8770e-06	1.1755e-36	2.6748e-15	4.7930e-04	8.8758e-01	1.1194e-01	1.1755e-36	2.4780e-02	9.7522e-01	4.7531e-13	1.1755e-36	1.1755e-36	1.1755e-36	6.1848e-23	0.00e+00	0.00e+00
1.13822e+19	1.0014e+04	2.650e-20	1.0000e+02	9.7743e+01	1.8525e-13	2.4907e-02	9.7509e-01	1.0000e+00	2.2015e-06	1.1755e-36	4.0326e-15	4.8904e-04	8.9774e-01	1.0177e-01	1.1755e-36	2.9885e-02	9.7012e-01	2.1973e-13	1.1755e-36	1.1755e-36	1.1755e-36	1.1369e-22	0.00e+00	0.00e+00
1.14134e+19	1.0045e+04	2.675e-20	1.0000e+02	9.7293e+01	2.7265e-13	2.9891e-02	9.7011e-01	1.0000e+00	1.6982e-06	1.1755e-36	6.0591e-15	4.9712e-04	9.0739e-01	9.2117e-02	1.1755e-36	3.5968e-02	9.6403e-01	1.0966e-13	1.1755e-36	1.1755e-36	1.1755e-36	2.0849e-22	0.00e+00	0.00e+00
1.14439e+19	1.0069e+04	2.691e-20	1.0000e+02	9.6540e+01	4.1915e-13	3.6676e-02	9.6332e-01	1.0000e+00	1.2918e-06	1.1755e-36	9.4591e-15	5.0351e-04	9.1741e-01	8.2087e-02	1.1755e-36	4.4237e-02	9.5576e-01	5.4257e-14	1.1755e-36	1.1755e-36	1.1755e-36	4.0369e-22	0.00e+00	0.00e+00
1.14721e+19	1.0076e+04	2.697e-20	1.0000e+02	9.5477e+01	6.7574e-13	4.5973e-02	9.5403e-01	1.0000e+00	9.6403e-07	1.1755e-36	1.5349e-14	5.0820e-04	9.2745e-01	7.2038e-02	1.1755e-36	5.5534e-02	9.4447e-01	2.7447e-14	1.1755e-36	1.1755e-36	1.1755e-36	8.2764e-22	0.00e+00	0.00e+00
1.14956e+19	1.0066e+04	2.693e-20	1.0000e+02	9.4293e+01	1.1003e-12	5.7799e-02	9.4220e-01	1.0000e+00	7.2849e-07	1.1755e-36	2.4949e-14	5.1105e-04	9.3667e-01	6.2819e-02	1.1755e-36	6.9843e-02	9.3016e-01	1.5014e-14	1.1755e-36	1.1755e-36	1.1755e-36	1.7037e-21	0.00e+00	0.00e+00
1.15138e+19	1.0041e+04	2.673e-20	1.0000e+02	9.2910e+01	1.7464e-12	7.1628e-02	9.2837e-01	1.0000e+00	5.6869e-07	1.1755e-36	3.9161e-14	5.1124e-04	9.4452e-01	5.4972e-02	1.1755e-36	8.6487e-02	9.1351e-01	9.0083e-15	1.1755e-36	1.1755e-36	1.1755e-36	3.3332e-21	0.00e+00	0.00e+00
1.15268e+19	1.0009e+04	2.642e-20	1.0000e+02	9.1492e+01	2.5853e-12	8.5787e-02	9.1421e-01	1.0000e+00	4.5866e-07	1.1755e-36	5.7034e-14	5.0923e-04	9.5044e-01	4.9050e-02	1.1755e-36	1.0342e-01	8.9658e-01	6.0950e-15	1.1755e-36	1.1755e-36	1.1755e-36	5.8414e-21	0.00e+00	0.00e+00
1.15356e+19	9.9748e+03	2.611e-20	1.0000e+02	9.0340e+01	3.5104e-12	9.8564e-02	9.0144e-01	1.0000e+00	3.9830e-07	1.1755e-36	7.6173e-14	5.0703e-04	9.5477e-01	4.4721e-02	1.1755e-36	1.1862e-01	8.8138e-01	4.5574e-15	1.1755e-36	1.1755e-36	1.1755e-36	9.0069e-21	0.00e+00	0.00e+00
1.15444e+19	9.9297e+03	2.559e-20	1.0000e+02	8.8741e+01	4.8745e-12	1.1414e-01	8.8586e-01	1.0000e+00	3.4691e-07	1.1755e-36	1.0316e-13	5.0247e-04	9.5923e-01	4.0266e-02	1.1755e-36	1.3703e-01	8.6297e-01	3.3191e-15	1.1755e-36	1.1755e-36	1.1755e-36	1.4173e-20	0.00e+00	0.00e+00
1.15540e+19	9.8688e+03	2.478e-20	1.0000e+02	8.6417e+01	7.2972e-12	1.3644e-01	8.6356e-01	1.0000e+00	2.7786e-07	1.1755e-36	1.4878e-13	4.9422e-04	9.6409e-01	3.5412e-02	1.1755e-36	1.6316e-01	8.3684e-01	2.2947e-15	1.1755e-36	1.1755e-36	1.1755e-36	2.4543e-20	0.00e+00	0.00e+00
1.15623e+19	9.7955e+03	2.379e-20	1.0000e+02	8.3785e+01	1.0954e-11	1.6274e-01	8.3726e-01	1.0000e+00	2.2467e-07	1.1755e-36	2.1342e-13	4.8367e-04	9.6845e-01	3.1071e-02	1.1755e-36	1.9365e-01	8.0635e-01	1.6178e-15	1.1755e-36	1.1755e-36	1.1755e-36	4.2250e-20	0.00e+00	0.00e+00
1.15694e+19	9.7129e+03	2.258e-20	1.0000e+02	8.0797e+01	1.6293e-11	1.9261e-01	8.0739e-01	1.0000e+00	1.8867e-07	1.1755e-36	3.0089e-13	4.7058e-04	9.7237e-01	2.7156e-02	1.1755e-36	2.2783e-01	7.7216e-01	1.1537e-15	1.1755e-36	1.1755e-36	1.1755e-36	7.0971e-20	0.00e+00	0.00e+00
1.15759e+19	9.6210e+03	2.113e-20	1.0000e+02	7.7310e+01	2.4323e-11	2.2746e-01	7.7254e-01	1.0000e+00	1.5267e-07	1.1755e-36	4.2161e-13	4.5411e-04	9.7590e-01	2.3651e-02	1.1755e-36	2.6715e-01	7.3285e-01	8.2747e-16	1.1755e-36	1.1755e-36	1.1755e-36	1.1836e-19	0.00e+00	0.00e+00
1.15814e+19	9.5240e+03	1.955e-20	1.0000e+02	7.3575e+01	3.5463e-11	2.6483e-01	7.3517e-01	1.0000e+00	1.2804e-07	1.1755e-36	5.7323e-13	4.3556e-04	9.7892e-01	2.0645e-02	1.1755e-36	3.0862e-01	6.9138e-01	6.0639e-16	1.1755e-36	1.1755e-36	1.1755e-36	1.8890e-19	0.00e+00	0.00e+00
1.15861e+19	9.4263e+03	1.795e-20	1.0000e+02	6.9766e+01	5.0016e-11	3.0300e-01	6.9700e-01	1.0000e+00	1.0720e-07	1.1755e-36	7.5135e-13	4.1588e-04	9.8141e-01	1.8172e-02	1.1755e-36	3.5026e-01	6.4974e-01	4.5759e-16	1.1755e-36	1.1755e-36	1.1755e-36	2.8555e-19	0.00e+00	0.00e+00
1.15896e+19	9.3475e+03	1.653e-20	1.0000e+02	6.6349e+01	6.5850e-11	3.3671e-01	6.6329e-01	1.0000e+00	9.3134e-08	1.1755e-36	9.2694e-13	3.9771e-04	9.8327e-01	1.6337e-02	1.1755e-36	3.8646e-01	6.1354e-01	3.6410e-16	1.1755e-36	1.1755e-36	1.1755e-36	3.9393e-19	0.00e+00	0.00e+00
1.15923e+19	9.2733e+03	1.539e-20	1.0000e+02	6.3574e+01	8.2060e-11	3.6520e-01	6.3480e-01	1.0000e+00	8.4002e-08	1.1755e-36	1.0906e-12	3.8286e-04	9.8465e-01	1.4963e-02	1.1755e-36	4.1663e-01	5.8337e-01	3.0355e-16	1.1755e-36	1.1755e-36	1.1755e-36	5.0570e-19	0.00e+00	0.00e+00
1.15945e+19	9.2088e+03	1.435e-20	1.0000e+02	6.1011e+01	9.8951e-11	3.9078e-01	6.0922e-01	1.0000e+00	7.7218e-08	1.1755e-36	1.2469e-12	3.6888e-04	9.8579e-01	1.3838e-02	1.1755e-36	4.4338e-01	5.5662e-01	2.5900e-16	1.1755e-36	1.1755e-36	1.1755e-36	6.2111e-19	0.00e+00	0.00e+00
1.15966e+19	9.1449e+03	1.334e-20	1.0000e+02	5.8466e+01	1.1819e-10	4.1609e-01	5.8391e-01	1.0000e+00	7.0620e-08	1.1755e-36	1.4108e-12	3.5488e-04	9.8683e-01	1.2815e-02	1.1755e-36	4.6958e-01	5.3042e-01	2.2224e-16	1.1755e-36	1.1755e-36	1.1755e-36	7.5072e-19	0.00e+00	0.00e+00
1.15985e+19	9.0769e+03	1.238e-20	1.0000e+02	5.6032e+01	1.4046e-10	4.4146e-01	5.5854e-01	1.0000e+00	6.4549e-08	1.1755e-36	1.5870e-12	3.4140e-04	9.8779e-01	1.1868e-02	1.1755e-36	4.9554e-01	5.0446e-01	1.9153e-16	1.1755e-36	1.1755e-36	1.1755e-36	8.9997e-19	0.00e+00	0.00e+00
1.16003e+19	9.0208e+03	1.146e-20	1.0000e+02	5.3539e+01	1.6363e-10	4.6499e-01	5.3501e-01	1.0000e+00	5.9602e-08	1.1755e-36	1.7513e-12	3.2729e-04	9.8862e-01	1.1055e-02	1.1755e-36	5.1935e-01	4.8065e-01	1.6689e-16	1.1755e-36	1.1755e-36	1.1755e-36	1.0458e-18	0.00e+00	0.00e+00
1.16019e+19	8.9549e+03	1.066e-20	1.0000e+02	5.1393e+01	1.8946e-10	4.8751e-01	5.1249e-01	1.0000e+00	5.5124e-08	1.1755e-36	1.9229e-12	3.1524e-04	9.8936e-01	1.0322e-02	1.1755e-36	5.4191e-01	4.5809e-01	1.4687e-16	1.1755e-36	1.1755e-36	1.1755e-36	1.2073e-18	0.00e+00	0.00e+00
1.16033e+19	8.9040e+03	9.911e-21	1.0000e+02	4.9269e+01	2.1485e-10	5.0776e-01	4.9224e-01	1.0000e+00	5.1894e-08	1.1755e-36	2.0750e-12	3.0303e-04	9.9000e-01	9.6966e-03	1.1755e-36	5.6200e-01	4.3800e-01	1.3071e-16	1.1755e-36	1.1755e-36	1.1755e-36	1.3551e-18	0.00e+00	0.00e+00
1.16047e+19	8.8420e+03	9.228e-21	1.0000e+02	4.7333e+01	2.4395e-10	5.2791e-01	4.7209e-01	1.0000e+00	4.8479e-08	1.1755e-36	2.2385e-12	2.9205e-04	9.9061e-01	9.1021e-03	1.1755e-36	5.8184e-01	4.1816e-01	1.1665e-16	1.1755e-36	1.1755e-36	1.1755e-36	1.5212e-18	0.00e+00	0.00e+00
1.16058e+19	8.8032e+03	8.701e-21	1.0000e+02	4.5755e+01	2.6725e-10	5.4311e-01	4.5689e-01	1.0000e+00	4.5508e-08	1.1755e-36	2.3585e-12	2.8291e-04	9.9104e-01	8.6792e-03	1.1755e-36	5.9668e-01	4.0332e-01	1.0697e-16	1.1755e-36	1.1755e-36	1.1755e-36	1.6459e-18	0.00e+00	0.00e+00
1.16065e+19	8.7686e+03	8.319e-21	1.0000e+02	4.4599e+01	2.8666e-10	5.5454e-01	4.4546e-01	1.0000e+00	4.4416e-08	1.1755e-36	2.4522e-12	2.7620e-04	9.9136e-01	8.3649e-03	1.1755e-36	6.0780e-01	3.9220e-01	1.0020e-16	1.1755e-36	1.1755e-36	1.1755e-36	1.7448e-18	0.00e+00	0.00e+00
1.16073e+19	8.7340e+03	7.945e-21	1.0000e+02	4.3461e+01	3.0722e-10	5.6593e-01	4.3407e-01	1.0000e+00	4.3140e-08	1.1755e-36	2.5470e-12	2.6963e-04	9.9167e-01	8.0563e-03	1.1755e-36	6.1878e-01	3.8122e-01	9.3855e-17	1.1755e-36	1.1755e-36	1.1755e-36	1.8469e-18	0.00e+00	0.00e+00
1.16081e+19	8.6893e+03	7.542e-21	1.0000e+02	4.2221e+01	3.3285e-10	5.7883e-01	4.2117e-01	1.0000e+00	4.1326e-08	1.1755e-36	2.6591e-12	2.6251e-04	9.9202e-01	7.7149e-03	1.1755e-36	6.3118e-01	3.6882e-01	8.7168e-17	1.1755e-36	1.1755e-36	1.1755e-36	1.9701e-18	0.00e+00	0.00e+00
1.16090e+19	8.6505e+03	7.132e-21	1.0000e+02	4.0914e+01	3.5955e-10	5.9175e-01	4.0825e-01	1.0000e+00	3.9414e-08	1.1755e-36	2.7682e-12	2.5487e-04	9.9236e-01	7.3828e-03	1.1755e-36	6.4353e-01	3.5647e-01	8.0842e-17	1.1755e-36	1.1755e-36	1.1755e-36	2.0910e-18	0.00e+00	0.00e+00
1.16098e+19	8.6105e+03	6.744e-21	1.0000e+02	3.9650e+01	3.8772e-10	6.0432e-01	3.9568e-01	1.0000e+00	3.7785e-08	1.1755e-36	2.8757e-12	2.4747e-04	9.9269e-01	7.0674e-03	1.1755e-36	6.5548e-01	3.4452e-01	7.5098e-17	1.1755e-36	1.1755e-36	1.1755e-36	2.2115e-18	0.00e+00	0.00e+00
1.16106e+19	8.5690e+03	6.375e-21	1.0000e+02	3.8417e+01	4.1760e-10	6.1658e-01	3.8342e-01	1.0000e+00	3.6282e-08	1.1755e-36	2.9817e-12	2.4025e-04	9.9299e-01	6.7665e-03	1.1755e-36	6.6707e-01	3.3293e-01	6.9849e-17	1.1755e-36	1.1755e-36	1.1755e-36	2.3311e-18	0.00e+00	0.00e+00
1.16114e+19	8.5277e+03	6.019e-21	1.0000e+02	3.7189e+01	4.4905e-10	6.2857e-01	3.7143e-01	1.0000e+00	3.4849e-08	1.1755e-36	3.0843e-12	2.3301e-04	9.9329e-01	6.4776e-03	1.1755e-36	6.7836e-01	3.2164e-01	6.5001e-17	1.1755e-36	1.1755e-36	1.1755e-36	2.4467e-18	0.00e+00	0.00e+00
1.16122e+19	8.4827e+03	5.675e-21	1.0000e+02	3.5997e+01	4.8393e-10	6.4081e-01	3.5919e-01	1.0000e+00	3.3424e-08	1.1755e-36	3.1941e-12	2.2603e-04	9.9358e-01	6.1897e-03	1.1755e-36	6.8980e-01	3.1020e-01	6.0399e-17	1.1755e-36	1.1755e-36	1.1755e-36	2.5732e-18	0.00e+00	0.00e+00
1.16130e+19	8.4380e+03	5.345e-21	1.0000e+02	3.4808e+01	5.2044e-10	6.5263e-01	3.4737e-01	1.0000e+00	3.2035e-08	1.1755e-36	3.2978e-12	2.1901e-04	9.9386e-01	5.9166e-03	1.1755e-36	7.0080e-01	2.9920e-01	5.6188e-17	1.1755e-36	1.1755e-36	1.1755e-36	2.6913e-18	0.00e+00	0.00e+00
1.16138e+19	8.3932e+03	5.031e-21	1.0000e+02	3.3648e+01	5.5886e-10	6.6417e-01	3.3583e-01	1.0000e+00	3.0777e-08	1.1755e-36	3.3991e-12	2.1214e-04	9.9413e-01	5.6547e-03	1.1755e-36	7.1150e-01	2.8850e-01	5.2305e-17	1.1755e-36	1.1755e-36	1.1755e-36	2.8064e-18	0.00e+00	0.00e+00
1.16146e+19	8.3476e+03	4.729e-21	1.0000e+02	3.2504e+01	5.9990e-10	6.7558e-01	3.2442e-01	1.0000e+00	2.9549e-08	1.1755e-36	3.4994e-12	2.0535e-04	9.9439e-01	5.4002e-03	1.1755e-36	7.2201e-01	2.7799e-01	4.8679e-17	1.1755e-36	1.1755e-36	1.1755e-36	2.9198e-18	0.00e+00	0.00e+00
1.16154e+19	8.2997e+03	4.438e-21	1.0000e+02	3.1366e+01	6.4407e-10	6.8679e-01	3.1321e-01	1.0000e+00	2.8356e-08	1.1755e-36	3.5968e-12	1.9857e-04	9.9465e-01	5.1545e-03	1.1755e-36	7.3230e-01	2.6770e-01	4.5310e-17	1.1755e-36	1.1755e-36	1.1755e-36	3.0275e-18	0.00e+00	0.00e+00
1.16161e+19	8.2490e+03	4.162e-21	1.0000e+02	3.0268e+01	6.9217e-10	6.9797e-01	3.0203e-01	1.0000e+00	2.7196e-08	1.1755e-36	3.6976e-12	1.9206e-04	9.9489e-01	4.9138e-03	1.1755e-36	7.4251e-01	2.5749e-01	4.2145e-17	1.1755e-36	1.1755e-36	1.1755e-36	3.1400e-18	0.00e+00	0.00e+00
1.16169e+19	8.1999e+03	3.900e-21	1.0000e+02	2.9187e+01	7.4188e-10	7.0869e-01	2.9131e-01	1.0000e+00	2.6093e-08	1.1755e-36	3.7904e-12	1.8559e-04	9.9513e-01	4.6863e-03	1.1755e-36	7.5224e-01	2.4776e-01	3.9255e-17	1.1755e-36	1.1755e-36	1.1755e-36	3.2398e-18	0.00e+00	0.00e+00
1.16176e+19	8.1500e+03	3.652e-21	1.0000e+02	2.8136e+01	7.9469e-10	7.1917e-01	2.8083e-01	1.0000e+00	2.5072e-08	1.1755e-36	3.8813e-12	1.7930e-04	9.9535e-01	4.4670e-03	1.1755e-36	7.6173e-01	2.3827e-01	3.6570e-17	1.1755e-36	1.1755e-36	1.1755e-36	3.3358e-18	0.00e+00	0.00e+00
1.16184e+19	8.0975e+03	3.415e-21	1.0000e+02	2.7096e+01	8.5173e-10	7.2945e-01	2.7055e-01	1.0000e+00	2.4067e-08	1.1755e-36	3.9691e-12	1.7304e-04	9.9557e-01	4.2549e-03	1.1755e-36	7.7099e-01	2.2901e-01	3.4067e-17	1.1755e-36	1.1755e-36	1.1755e-36	3.4245e-18	0.00e+00	0.00e+00
1.16191e+19	8.0401e+03	3.191e-21	1.0000e+02	2.6091e+01	9.1498e-10	7.3970e-01	2.6030e-01	1.0000e+00	2.3076e-08	1.1755e-36	4.0605e-12	1.6704e-04	9.9579e-01	4.0472e-03	1.1755e-36	7.8018e-01	2.1982e-01	3.1710e-17	1.1755e-36	1.1755e-36	1.1755e-36	3.5168e-18	0.00e+00	0.00e+00
1.16199e+19	7.9851e+03	2.979e-21	1.0000e+02	2.5105e+01	9.7995e-10	7.4944e-01	2.5056e-01	1.0000e+00	2.2137e-08	1.1755e-36	4.1422e-12	1.6110e-04	9.9599e-01	3.8519e-03	1.1755e-36	7.8888e-01	2.1112e-01	2.9563e-17	1.1755e-36	1.1755e-36	1.1755e-36	3.5924e-18	0.00e+00	0.00e+00
1.16206e+19	7.9289e+03	2.780e-21	1.0000e+02	2.4152e+01	1.0493e-09	7.5895e-01	2.4105e-01	1.0000e+00	2.1273e-08	1.1755e-36	4.2221e-12	1.5534e-04	9.9618e-01	3.6637e-03	1.1755e-36	7.9734e-01	2.0266e-01	2.7564e-17	1.1755e-36	1.1755e-36	1.1755e-36	3.6637e-18	0.00e+00	0.00e+00
1.16213e+19	7.8680e+03	2.591e-21	1.0000e+02	2.3213e+01	1.1260e-09	7.6830e-01	2.3170e-01	1.0000e+00	2.0410e-08	1.1755e-36	4.3004e-12	1.4965e-04	9.9637e-01	3.4817e-03	1.1755e-36	8.0561e-01	1.9439e-01	2.5697e-17	1.1755e-36	1.1755e-36	1.1755e-36	3.7285e-18	0.00e+00	0.00e+00
1.16220e+19	7.8037e+03	2.414e-21	1.0000e+02	2.2309e+01	1.2098e-09	7.7745e-01	2.2255e-01	1.0000e+00	1.9564e-08	1.1755e-36	4.3795e-12	1.4421e-04	9.9655e-01	3.3056e-03	1.1755e-36	8.1371e-01	1.8629e-01	2.3949e-17	1.1755e-36	1.1755e-36	1.1755e-36	3.7922e-18	0.00e+00	0.00e+00
1.16228e+19	7.7414e+03	2.248e-21	1.0000e+02	2.1428e+01	1.2967e-09	7.8616e-01	2.1384e-01	1.0000e+00	1.8778e-08	1.1755e-36	4.4498e-12	1.3887e-04	9.9672e-01	3.1398e-03	1.1755e-36	8.2136e-01	1.7864e-01	2.2353e-17	1.1755e-36	1.1755e-36	1.1755e-36	3.8403e-18	0.00e+00	0.00e+00
1.16235e+19	7.6776e+03	2.095e-21	1.0000e+02	2.0591e+01	1.3894e-09	7.9451e-01	2.0549e-01	1.0000e+00	1.8026e-08	1.1755e-36	4.5179e-12	1.3378e-04	9.9688e-01	2.9830e-03	1.1755e-36	8.2868e-01	1.7132e-01	2.0888e-17	1.1755e-36	1.1755e-36	1.1755e-36	3.8836e-18	0.00e+00	0.00e+00
1.16241e+19	7.6123e+03	1.953e-21	1.0000e+02	1.9790e+01	1.4885e-09	8.0251e-01	1.9749e-01	1.0000e+00	1.7328e-08	1.1755e-36	4.5830e-12	1.2891e-04	9.9704e-01	2.8347e-03	1.1755e-36	8.3566e-01	1.6434e-01	1.9543e-17	1.1755e-36	1.1755e-36	1.1755e-36	3.9207e-18	0.00e+00	0.00e+00
1.16248e+19	7.5391e+03	1.820e-21	1.0000e+02	1.9015e+01	1.6014e-09	8.1030e-01	1.8970e-01	1.0000e+00	1.6650e-08	1.1755e-36	4.6492e-12	1.2419e-04	9.9718e-01	2.6932e-03	1.1755e-36	8.4243e-01	1.5757e-01	1.8300e-17	1.1755e-36	1.1755e-36	1.1755e-36	3.9551e-18	0.00e+00	0.00e+00
1.16255e+19	7.4673e+03	1.698e-21	1.0000e+02	1.8272e+01	1.7199e-09	8.1771e-01	1.8229e-01	1.0000e+00	1.5999e-08	1.1755e-36	4.7104e-12	1.1969e-04	9.9732e-01	2.5590e-03	1.1755e-36	8.4888e-01	1.5112e-01	1.7147e-17	1.1755e-36	1.1755e-36	1.1755e-36	3.9812e-18	0.00e+00	0.00e+00
1.16261e+19	7.3957e+03	1.584e-21	1.0000e+02	1.7559e+01	1.8456e-09	8.2479e-01	1.7521e-01	1.0000e+00	1.5391e-08	1.1755e-36	4.7678e-12	1.1533e-04	9.9745e-01	2.4324e-03	1.1755e-36	8.5501e-01	1.4499e-01	1.6089e-17	1.1755e-36	1.1755e-36	1.1755e-36	4.0004e-18	0.00e+00	0.00e+00
1.16268e+19	7.3220e+03	1.478e-21	1.0000e+02	1.6876e+01	1.9821e-09	8.3162e-01	1.6838e-01	1.0000e+00	1.4805e-08	1.1755e-36	4.8242e-12	1.1115e-04	9.9758e-01	2.3123e-03	1.1755e-36	8.6090e-01	1.3910e-01	1.5107e-17	1.1755e-36	1.1755e-36	1.1755e-36	4.0169e-18	0.00e+00	0.00e+00
1.16274e+19	7.2415e+03	1.379e-21	1.0000e+02	1.6216e+01	2.1375e-09	8.3825e-01	1.6175e-01	1.0000e+00	1.4244e-08	1.1755e-36	4.8822e-12	1.0712e-04	9.9769e-01	2.1980e-03	1.1755e-36	8.6659e-01	1.3341e-01	1.4198e-17	1.1755e-36	1.1755e-36	1.1755e-36	4.0333e-18	0.00e+00	0.00e+00
1.16280e+19	7.1612e+03	1.288e-21	1.0000e+02	1.5576e+01	2.3034e-09	8.4449e-01	1.5551e-01	1.0000e+00	1.3711e-08	1.1755e-36	4.9338e-12	1.0320e-04	9.9781e-01	2.0903e-03	1.1755e-36	8.7196e-01	1.2804e-01	1.3358e-17	1.1755e-36	1.1755e-36	1.1755e-36	4.0383e-18	0.00e+00	0.00e+00
1.16286e+19	7.0780e+03	1.203e-21	1.0000e+02	1.4974e+01	2.4865e-09	8.5054e-01	1.4946e-01	1.0000e+00	1.3195e-08	1.1755e-36	4.9888e-12	9.9514e-05	9.9791e-01	1.9885e-03	1.1755e-36	8.7714e-01	1.2286e-01	1.2579e-17	1.1755e-36	1.1755e-36	1.1755e-36	4.0496e-18	0.00e+00	0.00e+00
1.16292e+19	6.9959e+03	1.125e-21	1.0000e+02	1.4394e+01	2.6813e-09	8.5627e-01	1.4373e-01	1.0000e+00	1.2722e-08	1.1755e-36	5.0395e-12	9.5956e-05	9.9801e-01	1.8922e-03	1.1755e-36	8.8206e-01	1.1794e-01	1.1855e-17	1.1755e-36	1.1755e-36	1.1755e-36	4.0545e-18	0.00e+00	0.00e+00
1.16298e+19	6.9071e+03	1.051e-21	1.0000e+02	1.3830e+01	2.9055e-09	8.6189e-01	1.3811e-01	1.0000e+00	1.2253e-08	1.1755e-36	5.0933e-12	9.2490e-05	9.9811e-01	1.8005e-03	1.1755e-36	8.8683e-01	1.1317e-01	1.1181e-17	1.1755e-36	1.1755e-36	1.1755e-36	4.0628e-18	0.00e+00	0.00e+00
1.16304e+19	6.8121e+03	9.830e-22	1.0000e+02	1.3288e+01	3.1626e-09	8.6730e-01	1.3270e-01	1.0000e+00	1.1796e-08	1.1755e-36	5.1500e-12	8.9168e-05	9.9820e-01	1.7135e-03	1.1755e-36	8.9144e-01	1.0856e-01	1.0551e-17	1.1755e-36	1.1755e-36	1.1755e-36	4.0754e-18	0.00e+00	0.00e+00
1.16310e+19	6.7149e+03	9.199e-22	1.0000e+02	1.2769e+01	3.4482e-09	8.7248e-01	1.2752e-01	1.0000e+00	1.1368e-08	1.1755e-36	5.2074e-12	8.5986e-05	9.9828e-01	1.6318e-03	1.1755e-36	8.9583e-01	1.0417e-01	9.9686e-18	1.1755e-36	1.1755e-36	1.1755e-36	4.0904e-18	0.00e+00	0.00e+00
1.16316e+19	6.6149e+03	8.613e-22	1.0000e+02	1.2272e+01	3.7685e-09	8.7744e-01	1.2256e-01	1.0000e+00	1.0961e-08	1.1755e-36	5.2659e-12	8.2929e-05	9.9836e-01	1.5549e-03	1.1755e-36	9.0004e-01	9.9962e-02	9.4270e-18	1.1755e-36	1.1755e-36	1.1755e-36	4.1090e-18	0.00e+00	0.00e+00
1.16321e+19	6.5056e+03	8.070e-22	1.0000e+02	1.1800e+01	4.1503e-09	8.8235e-01	1.1765e-01	1.0000e+00	1.0556e-08	1.1755e-36	5.3353e-12	8.0053e-05	9.9844e-01	1.4815e-03	1.1755e-36	9.0419e-01	9.5812e-02	8.9144e-18	1.1755e-36	1.1755e-36	1.1755e-36	4.1469e-18	0.00e+00	0.00e+00
1.16327e+19	6.3960e+03	7.559e-22	1.0000e+02	1.1335e+01	4.5739e-09	8.8700e-01	1.1300e-01	1.0000e+00	1.0181e-08	1.1755e-36	5.4012e-12	7.7197e-05	9.9851e-01	1.4123e-03	1.1755e-36	9.0812e-01	9.1882e-02	8.4379e-18	1.1755e-36	1.1755e-36	1.1755e-36	4.1814e-18	0.00e+00	0.00e+00
1.16332e+19	6.2825e+03	7.085e-22	1.0000e+02	1.0889e+01	5.0584e-09	8.9147e-01	1.0853e-01	1.0000e+00	9.8069e-09	1.1755e-36	5.4708e-12	7.4452e-05	9.9858e-01	1.3474e-03	1.1755e-36	9.1189e-01	8.8110e-02	7.9939e-18	1.1755e-36	1.1755e-36	1.1755e-36	4.2256e-18	0.00e+00	0.00e+00
1.16338e+19	6.1659e+03	6.649e-22	1.0000e+02	1.0463e+01	5.6103e-09	8.9573e-01	1.0427e-01	1.0000e+00	9.4620e-09	1.1755e-36	5.5437e-12	7.1834e-05	9.9864e-01	1.2870e-03	1.1755e-36	9.1548e-01	8.4523e-02	7.5837e-18	1.1755e-36	1.1755e-36	1.1755e-36	4.2804e-18	0.00e+00	0.00e+00
1.16343e+19	6.0457e+03	6.245e-22	1.0000e+02	1.0055e+01	6.2423e-09	8.9981e-01	1.0019e-01	1.0000e+00	9.1350e-09	1.1755e-36	5.6210e-12	6.9329e-05	9.9870e-01	1.2307e-03	1.1755e-36	9.1891e-01	8.1090e-02	7.2020e-18	1.1755e-36	1.1755e-36	1.1755e-36	4.3482e-18	0.00e+00	0.00e+00
1.16348e+19	5.9219e+03	5.868e-22	1.0000e+02	9.6553e+00	6.9660e-09	9.0369e-01	9.6309e-02	1.0000e+00	8.8269e-09	1.1755e-36	5.6991e-12	6.6862e-05	9.9875e-01	1.1785e-03	1.1755e-36	9.2215e-01	7.7846e-02	6.8520e-18	1.1755e-36	1.1755e-36	1.1755e-36	4.4229e-18	0.00e+00	0.00e+00
1.16353e+19	5.7936e+03	5.522e-22	1.0000e+02	9.2806e+00	7.8020e-09	9.0744e-01	9.2563e-02	1.0000e+00	8.5172e-09	1.1755e-36	5.7856e-12	6.4565e-05	9.9881e-01	1.1298e-03	1.1755e-36	9.2530e-01	7.4696e-02	6.5210e-18	1.1755e-36	1.1755e-36	1.1755e-36	4.5202e-18	0.00e+00	0.00e+00
1.16358e+19	5.6609e+03	5.201e-22	1.0000e+02	8.9195e+00	8.7646e-09	9.1105e-01	8.8955e-02	1.0000e+00	8.2350e-09	1.1755e-36	5.8763e-12	6.2354e-05	9.9885e-01	1.0845e-03	1.1755e-36	9.2833e-01	7.1671e-02	6.2124e-18	1.1755e-36	1.1755e-36	1.1755e-36	4.6332e-18	0.00e+00	0.00e+00
1.16363e+19	5.5219e+03	4.900e-22	1.0000e+02	8.5689e+00	9.8829e-09	9.1455e-01	8.5450e-02	1.0000e+00	7.9546e-09	1.1755e-36	5.9713e-12	6.0213e-05	9.9890e-01	1.0423e-03	1.1755e-36	9.3126e-01	6.8735e-02	5.9217e-18	1.1755e-36	1.1755e-36	1.1755e-36	4.7625e-18	0.00e+00	0.00e+00
1.16368e+19	5.3771e+03	4.621e-22	1.0000e+02	8.2304e+00	1.1170e-08	9.1793e-01	8.2067e-02	1.0000e+00	7.6837e-09	1.1755e-36	6.0678e-12	5.8156e-05	9.9894e-01	1.0034e-03	1.1755e-36	9.3410e-01	6.5902e-02	5.6497e-18	1.1755e-36	1.1755e-36	1.1755e-36	4.9042e-18	0.00e+00	0.00e+00
1.16372e+19	5.2370e+03	4.380e-22	1.0000e+02	7.9275e+00	1.2524e-08	9.2096e-01	7.9036e-02	1.0000e+00	7.4177e-09	1.1755e-36	6.1557e-12	5.6327e-05	9.9897e-01	9.7019e-04	1.1755e-36	9.3664e-01	6.3363e-02	5.4134e-18	1.1755e-36	1.1755e-36	1.1755e-36	5.0410e-18	0.00e+00	0.00e+00
1.16376e+19	5.1025e+03	4.173e-22	1.0000e+02	7.6569e+00	1.3912e-08	9.2367e-01	7.6327e-02	1.0000e+00	7.2239e-09	1.1755e-36	6.2307e-12	5.4707e-05	9.9900e-01	9.4225e-04	1.1755e-36	9.3891e-01	6.1093e-02	5.2084e-18	1.1755e-36	1.1755e-36	1.1755e-36	5.1621e-18	0.00e+00	0.00e+00
1.16380e+19	4.9638e+03	3.980e-22	1.0000e+02	7.3954e+00	1.5391e-08	9.2629e-01	7.3712e-02	1.0000e+00	7.0373e-09	1.1755e-36	6.2917e-12	5.3156e-05	9.9903e-01	9.1410e-04	1.1755e-36	9.4110e-01	5.8905e-02	5.0166e-18	1.1755e-36	1.1755e-36	1.1755e-36	5.2587e-18	0.00e+00	0.00e+00
1.16384e+19	4.8124e+03	3.790e-22	1.0000e+02	7.1281e+00	1.6975e-08	9.2895e-01	7.1050e-02	1.0000e+00	6.8352e-09	1.1755e-36	6.3282e-12	5.1591e-05	9.9907e-01	8.7776e-04	1.1755e-36	9.4332e-01	5.6675e-02	4.8268e-18	1.1755e-36	1.1755e-36	1.1755e-36	5.3027e-18	0.00e+00	0.00e+00
1.16388e+19	4.6511e+03	3.612e-22	1.0000e+02	6.8652e+00	1.8608e-08	9.3157e-01	6.8428e-02	1.0000e+00	6.6154e-09	1.1755e-36	6.3334e-12	5.0083e-05	9.9911e-01	8.4272e-04	1.1755e-36	9.4553e-01	5.4475e-02	4.6463e-18	1.1755e-36	1.1755e-36	1.1755e-36	5.2800e-18	0.00e+00	0.00e+00
1.16391e+19	4.4937e+03	3.459e-22	1.0000e+02	6.6280e+00	2.0071e-08	9.3394e-01	6.6057e-02	1.0000e+00	6.4203e-09	1.1755e-36	6.2997e-12	4.8760e-05	9.9914e-01	8.1178e-04	1.1755e-36	9.4752e-01	5.2481e-02	4.4891e-18	1.1755e-36	1.1755e-36	1.1755e-36	5.1739e-18	0.00e+00	0.00e+00
1.16394e+19	4.3469e+03	3.334e-22	1.0000e+02	6.4212e+00	2.1245e-08	9.3597e-01	6.4028e-02	1.0000e+00	6.2700e-09	1.1755e-36	6.2301e-12	4.7646e-05	9.9917e-01	7.8538e-04	1.1755e-36	9.4926e-01	5.0745e-02	4.3552e-18	1.1755e-36	1.1755e-36	1.1755e-36	4.9921e-18	0.00e+00	0.00e+00
1.16397e+19	4.2066e+03	3.225e-22	1.0000e+02	6.2376e+00	2.2158e-08	9.3784e-01	6.2162e-02	1.0000e+00	6.1436e-09	1.1755e-36	6.1333e-12	4.6695e-05	9.9919e-01	7.6280e-04	1.1755e-36	9.5081e-01	4.9191e-02	4.2435e-18	1.1755e-36	1.1755e-36	1.1755e-36	4.7543e-18	0.00e+00	0.00e+00
1.16399e+19	4.0713e+03	3.132e-22	1.0000e+02	6.0695e+00	2.2810e-08	9.3951e-01	6.0486e-02	1.0000e+00	6.0276e-09	1.1755e-36	6.0116e-12	4.5865e-05	9.9921e-01	7.4265e-04	1.1755e-36	9.5223e-01	4.7773e-02	4.1437e-18	1.1755e-36	1.1755e-36	1.1755e-36	4.4685e-18	0.00e+00	0.00e+00
1.16401e+19	3.9386e+03	3.049e-22	1.0000e+02	5.9140e+00	2.3229e-08	9.4107e-01	5.8927e-02	1.0000e+00	5.9211e-09	1.1755e-36	5.8713e-12	4.5145e-05	9.9923e-01	7.2456e-04	1.1755e-36	9.5355e-01	4.6453e-02	4.0545e-18	1.1755e-36	1.1755e-36	1.1755e-36	4.1510e-18	0.00e+00	0.00e+00
1.16403e+19	3.8100e+03	2.978e-22	1.0000e+02	5.7706e+00	2.3432e-08	9.4250e-01	5.7497e-02	1.0000e+00	5.8240e-09	1.1755e-36	5.7198e-12	4.4527e-05	9.9925e-01	7.0837e-04	1.1755e-36	9.5477e-01	4.5235e-02	3.9745e-18	1.1755e-36	1.1755e-36	1.1755e-36	3.8210e-18	0.00e+00	0.00e+00
1.16405e+19	3.6821e+03	2.917e-22	1.0000e+02	5.6414e+00	2.3296e-08	9.4387e-01	5.6128e-02	1.0000e+00	5.7344e-09	1.1755e-36	5.5245e-12	4.4045e-05	9.9926e-01	6.9342e-04	1.1755e-36	9.5595e-01	4.4050e-02	3.8977e-18	1.1755e-36	1.1755e-36	1.1755e-36	3.4376e-18	0.00e+00	0.00e+00
1.16407e+19	3.5643e+03	2.863e-22	1.0000e+02	5.5214e+00	2.2991e-08	9.4507e-01	5.4927e-02	1.0000e+00	5.6617e-09	1.1755e-36	5.3344e-12	4.3624e-05	9.9928e-01	6.8077e-04	1.1755e-36	9.5698e-01	4.3022e-02	3.8346e-18	1.1755e-36	1.1755e-36	1.1755e-36	3.0834e-18	0.00e+00	0.00e+00
1.16408e+19	3.4515e+03	2.816e-22	1.0000e+02	5.4106e+00	2.2593e-08	9.4618e-01	5.3819e-02	1.0000e+00	5.6013e-09	1.1755e-36	5.1528e-12	4.3283e-05	9.9929e-01	6.6945e-04	1.1755e-36	9.5793e-01	4.2067e-02	3.7770e-18	1.1755e-36	1.1755e-36	1.1755e-36	2.7611e-18	0.00e+00	0.00e+00
1.16409e+19	3.3396e+03	2.774e-22	1.0000e+02	5.3040e+00	2.2113e-08	9.4725e-01	5.2751e-02	1.0000e+00	5.5434e-09	1.1755e-36	4.9753e-12	4.3007e-05	9.9930e-01	6.5901e-04	1.1755e-36	9.5885e-01	4.1147e-02	3.7229e-18	1.1755e-36	1.1755e-36	1.1755e-36	2.4619e-18	0.00e+00	0.00e+00
1.16410e+19	3.2233e+03	2.733e-22	1.0000e+02	5.1964e+00	2.1545e-08	9.4833e-01	5.1665e-02	1.0000e+00	5.4891e-09	1.1755e-36	4.7958e-12	4.2786e-05	9.9931e-01	6.4883e-04	1.1755e-36	9.5979e-01	4.0208e-02	3.6682e-18	1.1755e-36	1.1755e-36	1.1755e-36	2.1752e-18	0.00e+00	0.00e+00
1.16411e+19	3.0961e+03	2.692e-22	1.0000e+02	5.0814e+00	2.0861e-08	9.4949e-01	5.0513e-02	1.0000e+00	5.4302e-09	1.1755e-36	4.6063e-12	4.2621e-05	9.9932e-01	6.3864e-04	1.1755e-36	9.6079e-01	3.9211e-02	3.6116e-18	1.1755e-36	1.1755e-36	1.1755e-36	1.8902e-18	0.00e+00	0.00e+00
1.16413e+19	2.9596e+03	2.653e-22	1.0000e+02	4.9612e+00	2.0092e-08	9.5070e-01	4.9296e-02	1.0000e+00	5.3707e-09	1.1755e-36	4.4152e-12	4.2541e-05	9.9933e-01	6.2840e-04	1.1755e-36	9.6185e-01	3.8152e-02	3.5507e-18	1.1755e-36	1.1755e-36	1.1755e-36	1.6204e-18	0.00e+00	0.00e+00
1.16414e+19	2.8046e+03	2.614e-22	1.0000e+02	4.8280e+00	1.9155e-08	9.5204e-01	4.7964e-02	1.0000e+00	5.3116e-09	1.1755e-36	4.2071e-12	4.2578e-05	9.9934e-01	6.1807e-04	1.1755e-36	9.6302e-01	3.6983e-02	3.4839e-18	1.1755e-36	1.1755e-36	1.1755e-36	1.3503e-18	0.00e+00	0.00e+00
1.16415e+19	2.6457e+03	2.576e-22	1.0000e+02	4.6900e+00	1.8151e-08	9.5339e-01	4.6609e-02	1.0000e+00	5.2570e-09	1.1755e-36	4.0067e-12	4.2729e-05	9.9935e-01	6.0808e-04	1.1755e-36	9.6422e-01	3.5779e-02	3.4111e-18	1.1755e-36	1.1755e-36	1.1755e-36	1.1122e-18	0.00e+00	0.00e+00
1.16416e+19	2.4725e+03	2.538e-22	1.0000e+02	4.5419e+00	1.7038e-08	9.5488e-01	4.5123e-02	1.0000e+00	5.2032e-09	1.1755e-36	3.8052e-12	4.3081e-05	9.9936e-01	5.9837e-04	1.1755e-36	9.6554e-01	3.4461e-02	3.3281e-18	1.1755e-36	1.1755e-36	1.1755e-36	8.9473e-19	0.00e+00	0.00e+00
1.16417e+19	2.3231e+03	2.501e-22	1.0000e+02	4.4022e+00	1.6017e-08	9.5618e-01	4.3823e-02	1.0000e+00	5.1711e-09	1.1755e-36	3.6394e-12	4.3425e-05	9.9937e-01	5.9001e-04	1.1755e-36	9.6670e-01	3.3299e-02	3.2473e-18	1.1755e-36	1.1755e-36	1.1755e-36	7.3322e-19	0.00e+00	0.00e+00
1.16418e+19	2.1725e+03	2.464e-22	1.0000e+02	4.2643e+00	1.4999e-08	9.5755e-01	4.2447e-02	1.0000e+00	5.1269e-09	1.1755e-36	3.4874e-12	4.3960e-05	9.9937e-01	5.8206e-04	1.1755e-36	9.6793e-01	3.2069e-02	3.1548e-18	1.1755e-36	1.1755e-36	1.1755e-36	5.9792e-19	0.00e+00	0.00e+00
1.16420e+19	2.0207e+03	2.428e-22	1.0000e+02	4.1254e+00	1.3966e-08	9.5899e-01	4.1012e-02	1.0000e+00	5.0899e-09	1.1755e-36	3.3456e-12	4.4687e-05	9.9938e-01	5.7487e-04	1.1755e-36	9.6921e-01	3.0786e-02	3.0511e-18	1.1755e-36	1.1755e-36	1.1755e-36	4.8378e-19	0.00e+00	0.00e+00
1.16421e+19	1.8844e+03	2.392e-22	1.0000e+02	3.9942e+00	1.3016e-08	9.6032e-01	3.9676e-02	1.0000e+00	5.0627e-09	1.1755e-36	3.2259e-12	4.5446e-05	9.9939e-01	5.6869e-04	1.1755e-36	9.7041e-01	2.9585e-02	2.9453e-18	1.1755e-36	1.1755e-36	1.1755e-36	3.9667e-19	0.00e+00	0.00e+00
1.16422e+19	1.7495e+03	2.357e-22	1.0000e+02	3.8601e+00	1.2062e-08	9.6166e-01	3.8335e-02	1.0000e+00	5.0450e-09	1.1755e-36	3.1147e-12	4.6340e-05	9.9939e-01	5.6365e-04	1.1755e-36	9.7163e-01	2.8374e-02	2.8315e-18	1.1755e-36	1.1755e-36	1.1755e-36	3.2335e-19	0.00e+00	0.00e+00
1.16423e+19	1.6199e+03	2.322e-22	1.0000e+02	3.7280e+00	1.1135e-08	9.6300e-01	3.6998e-02	1.0000e+00	5.0375e-09	1.1755e-36	3.0148e-12	4.7366e-05	9.9939e-01	5.5970e-04	1.1755e-36	9.7284e-01	2.7162e-02	2.7102e-18	1.1755e-36	1.1755e-36	1.1755e-36	2.6380e-19	0.00e+00	0.00e+00
1.16424e+19	1.4942e+03	2.287e-22	1.0000e+02	3.5931e+00	1.0218e-08	9.6431e-01	3.5691e-02	1.0000e+00	5.0469e-09	1.1755e-36	2.9233e-12	4.8498e-05	9.9939e-01	5.5712e-04	1.1755e-36	9.7404e-01	2.5964e-02	2.5817e-18	1.1755e-36	1.1755e-36	1.1755e-36	2.1455e-19	0.00e+00	0.00e+00
1.16425e+19	1.3814e+03	2.253e-22	1.0000e+02	3.4682e+00	9.3878e-09	9.6556e-01	3.4441e-02	1.0000e+00	5.0659e-09	1.1755e-36	2.8472e-12	4.9679e-05	9.9940e-01	5.5531e-04	1.1755e-36	9.7518e-01	2.4819e-02	2.4426e-18	1.1755e-36	1.1755e-36	1.1755e-36	1.7718e-19	0.00e+00	0.00e+00
1.16427e+19	1.2741e+03	2.220e-22	1.0000e+02	3.3453e+00	8.5920e-09	9.6679e-01	3.3209e-02	1.0000e+00	5.0980e-09	1.1755e-36	2.7801e-12	5.0979e-05	9.9939e-01	5.5456e-04	1.1755e-36	9.7632e-01	2.3684e-02	2.3066e-18	1.1755e-36	1.1755e-36	1.1755e-36	1.4694e-19	0.00e+00	0.00e+00
1.16428e+19	1.1742e+03	2.187e-22	1.0000e+02	3.2260e+00	7.8055e-09	9.6798e-01	3.2016e-02	1.0000e+00	5.1564e-09	1.1755e-36	2.7156e-12	5.2366e-05	9.9939e-01	5.5463e-04	1.1755e-36	9.7742e-01	2.2579e-02	2.1759e-18	1.1755e-36	1.1755e-36	1.1755e-36	1.2202e-19	0.00e+00	0.00e+00
1.16429e+19	1.0806e+03	2.154e-22	1.0000e+02	3.1096e+00	6.9720e-09	9.6914e-01	3.0859e-02	1.0000e+00	5.2643e-09	1.1755e-36	2.6433e-12	5.3858e-05	9.9939e-01	5.5540e-04	1.1755e-36	9.7850e-01	2.1499e-02	2.0498e-18	1.1755e-36	1.1755e-36	1.1755e-36	1.0032e-19	0.00e+00	0.00e+00
1.16430e+19	1.0000e+03	2.122e-22	1.0000e+02	3.0052e+00	6.2618e-09	9.7022e-01	2.9783e-02	1.0000e+00	5.3811e-09	1.1755e-36	2.5874e-12	5.5323e-05	9.9939e-01	5.5592e-04	1.1755e-36	9.7950e-01	2.0501e-02	1.9346e-18	1.1755e-36	1.1755e-36	1.1755e-36	8.5243e-20	0.00e+00	0.00e+00
1.16431e+19	1.0000e+03	2.089e-22	1.0000e+02	2.9796e+00	6.1986e-09	9.7044e-01	2.9565e-02	1.0000e+00	5.4082e-09	1.1755e-36	2.5853e-12	5.4860e-05	9.9940e-01	5.4972e-04	1.1755e-36	9.7965e-01	2.0349e-02	1.9129e-18	1.1755e-36	1.1755e-36	1.1755e-36	8.4032e-20	0.00e+00	0.00e+00
1.16433e+19	1.0000e+03	2.050e-22	1.0000e+02	2.9389e+00	6.1157e-09	9.7059e-01	2.9407e-02	1.0000e+00	5.4195e-09	1.1755e-36	2.5839e-12	5.4103e-05	9.9940e-01	5.4316e-04	1.1755e-36	9.7976e-01	2.0239e-02	1.8940e-18	1.1755e-36	1.1755e-36	1.1755e-36	8.2365e-20	0.00e+00	0.00e+00
1.16434e+19	1.0000e+03	2.001e-22	1.0000e+02	2.9232e+00	6.0971e-09	9.7115e-01	2.8849e-02	1.0000e+00	5.3307e-09	1.1755e-36	2.5897e-12	5.3818e-05	9.9941e-01	5.3214e-04	1.1755e-36	9.8015e-01	1.9852e-02	1.8462e-18	1.1755e-36	1.1755e-36	1.1755e-36	8.2289e-20	0.00e+00	0.00e+00
1.16437e+19	1.0000e+03	1.939e-22	1.0000e+02	2.8704e+00	5.9937e-09	9.7155e-01	2.8450e-02	1.0000e+00	5.2971e-09	1.1755e-36	2.5906e-12	5.2846e-05	9.9943e-01	5.2037e-04	1.1755e-36	9.8043e-01	1.9574e-02	1.8063e-18	1.1755e-36	1.1755e-36	1.1755e-36	8.0342e-20	0.00e+00	0.00e+00
1.16440e+19	1.0000e+03	1.861e-22	1.0000e+02	2.8116e+00	5.8811e-09	9.7214e-01	2.7859e-02	1.0000e+00	5.2350e-09	1.1755e-36	2.5937e-12	5.1763e-05	9.9944e-01	5.0485e-04	1.1755e-36	9.8084e-01	1.9164e-02	1.7505e-18	1.1755e-36	1.1755e-36	1.1755e-36	7.8329e-20	0.00e+00	0.00e+00
1.16443e+19	1.0000e+03	1.764e-22	1.0000e+02	2.7369e+00	5.7373e-09	9.7289e-01	2.7108e-02	1.0000e+00	5.1555e-09	1.1755e-36	2.5982e-12	5.0389e-05	9.9946e-01	4.8528e-04	1.1755e-36	9.8136e-01	1.8643e-02	1.6805e-18	1.1755e-36	1.1755e-36	1.1755e-36	7.5784e-20	0.00e+00	0.00e+00
1.16448e+19	1.0000e+03	1.645e-22	1.0000e+02	2.6427e+00	5.5539e-09	9.7384e-01	2.6164e-02	1.0000e+00	5.0557e-09	1.1755e-36	2.6049e-12	4.8656e-05	9.9949e-01	4.6086e-04	1.1755e-36	9.8201e-01	1.7988e-02	1.5939e-18	1.1755e-36	1.1755e-36	1.1755e-36	7.2579e-20	0.00e+00	0.00e+00
1.16454e+19	1.0000e+03	1.516e-22	1.0000e+02	2.5361e+00	5.3433e-09	9.7490e-01	2.5098e-02	1.0000e+00	4.9065e-09	1.1755e-36	2.6140e-12	4.6695e-05	9.9952e-01	4.3347e-04	1.1755e-36	9.8275e-01	1.7248e-02	1.4980e-18	1.1755e-36	1.1755e-36	1.1755e-36	6.8958e-20	0.00e+00	0.00e+00
1.16460e+19	1.0000e+03	1.397e-22	1.0000e+02	2.4328e+00	5.1357e-09	9.7593e-01	2.4069e-02	1.0000e+00	4.7518e-09	1.1755e-36	2.6242e-12	4.4796e-05	9.9955e-01	4.0725e-04	1.1755e-36	9.8346e-01	1.6535e-02	1.4074e-18	1.1755e-36	1.1755e-36	1.1755e-36	6.5447e-20	0.00e+00	0.00e+00
1.16466e+19	1.0000e+03	1.292e-22	1.0000e+02	2.3389e+00	4.9447e-09	9.7686e-01	2.3135e-02	1.0000e+00	4.6454e-09	1.1755e-36	2.6352e-12	4.3070e-05	9.9957e-01	3.8376e-04	1.1755e-36	9.8411e-01	1.5889e-02	1.3269e-18	1.1755e-36	1.1755e-36	1.1755e-36	6.2274e-20	0.00e+00	0.00e+00
1.16472e+19	1.0000e+03	1.198e-22	1.0000e+02	2.2509e+00	4.7642e-09	9.7774e-01	2.2257e-02	1.0000e+00	4.5570e-09	1.1755e-36	2.6471e-12	4.1452e-05	9.9960e-01	3.6202e-04	1.1755e-36	9.8472e-01	1.5281e-02	1.2527e-18	1.1755e-36	1.1755e-36	1.1755e-36	5.9329e-20	0.00e+00	0.00e+00
1.16478e+19	1.0000e+03	1.109e-22	1.0000e+02	2.1651e+00	4.5870e-09	9.7860e-01	2.1400e-02	1.0000e+00	4.4624e-09	1.1755e-36	2.6604e-12	3.9875e-05	9.9962e-01	3.4112e-04	1.1755e-36	9.8531e-01	1.4688e-02	1.1817e-18	1.1755e-36	1.1755e-36	1.1755e-36	5.6489e-20	0.00e+00	0.00e+00
1.16483e+19	1.0000e+03	1.026e-22	1.0000e+02	2.0815e+00	4.4124e-09	9.7944e-01	2.0564e-02	1.0000e+00	4.3620e-09	1.1755e-36	2.6752e-12	3.8336e-05	9.9964e-01	3.2102e-04	1.1755e-36	9.8589e-01	1.4111e-02	1.1138e-18	1.1755e-36	1.1755e-36	1.1755e-36	5.3742e-20	0.00e+00	0.00e+00
1.16489e+19	1.0000e+03	9.484e-23	1.0000e+02	2.0010e+00	4.2428e-09	9.8024e-01	1.9760e-02	1.0000e+00	4.2652e-09	1.1755e-36	2.6911e-12	3.6856e-05	9.9966e-01	3.0198e-04	1.1755e-36	9.8644e-01	1.3555e-02	1.0499e-18	1.1755e-36	1.1755e-36	1.1755e-36	5.1118e-20	0.00e+00	0.00e+00
1.16495e+19	1.0000e+03	8.774e-23	1.0000e+02	1.9241e+00	4.0790e-09	9.8101e-01	1.8992e-02	1.0000e+00	4.1752e-09	1.1755e-36	2.7081e-12	3.5440e-05	9.9968e-01	2.8405e-04	1.1755e-36	9.8698e-01	1.3025e-02	9.8989e-19	1.1755e-36	1.1755e-36	1.1755e-36	4.8631e-20	0.00e+00	0.00e+00
1.16501e+19	1.0000e+03	8.119e-23	1.0000e+02	1.8502e+00	3.9206e-09	9.8175e-01	1.8254e-02	1.0000e+00	4.0896e-09	1.1755e-36	2.7262e-12	3.4082e-05	9.9970e-01	2.6712e-04	1.1755e-36	9.8748e-01	1.2516e-02	9.3347e-19	1.1755e-36	1.1755e-36	1.1755e-36	4.6269e-20	0.00e+00	0.00e+00
1.16507e+19	1.0000e+03	7.511e-23	1.0000e+02	1.7792e+00	3.7669e-09	9.8246e-01	1.7544e-02	1.0000e+00	4.0062e-09	1.1755e-36	2.7455e-12	3.2774e-05	9.9972e-01	2.5109e-04	1.1755e-36	9.8797e-01	1.2026e-02	8.8022e-19	1.1755e-36	1.1755e-36	1.1755e-36	4.4019e-20	0.00e+00	0.00e+00
1.16512e+19	1.0000e+03	6.949e-23	1.0000e+02	1.7107e+00	3.6178e-09	9.8314e-01	1.6861e-02	1.0000e+00	3.9251e-09	1.1755e-36	2.7659e-12	3.1515e-05	9.9973e-01	2.3592e-04	1.1755e-36	9.8845e-01	1.1555e-02	8.2995e-19	1.1755e-36	1.1755e-36	1.1755e-36	4.1876e-20	0.00e+00	0.00e+00
1.16518e+19	1.0000e+03	6.428e-23	1.0000e+02	1.6449e+00	3.4734e-09	9.8380e-01	1.6203e-02	1.0000e+00	3.8468e-09	1.1755e-36	2.7875e-12	3.0304e-05	9.9975e-01	2.2158e-04	1.1755e-36	9.8890e-01	1.1102e-02	7.8255e-19	1.1755e-36	1.1755e-36	1.1755e-36	3.9837e-20	0.00e+00	0.00e+00
1.16524e+19	1.0000e+03	5.946e-23	1.0000e+02	1.5817e+00	3.3336e-09	9.8443e-01	1.5572e-02	1.0000e+00	3.7716e-09	1.1755e-36	2.8100e-12	2.9141e-05	9.9976e-01	2.0805e-04	1.1755e-36	9.8933e-01	1.0666e-02	7.3786e-19	1.1755e-36	1.1755e-36	1.1755e-36	3.7900e-20	0.00e+00	0.00e+00
1.16530e+19	1.0000e+03	5.501e-23	1.0000e+02	1.5209e+00	3.1983e-09	9.8504e-01	1.4964e-02	1.0000e+00	3.6992e-09	1.1755e-36	2.8336e-12	2.8022e-05	9.9978e-01	1.9528e-04	1.1755e-36	9.8975e-01	1.0248e-02	6.9573e-19	1.1755e-36	1.1755e-36	1.1755e-36	3.6058e-20	0.00e+00	0.00e+00
1.16535e+19	1.0000e+03	5.088e-23	1.0000e+02	1.4624e+00	3.0673e-09	9.8562e-01	1.4380e-02	1.0000e+00	3.6293e-09	1.1755e-36	2.8582e-12	2.6946e-05	9.9979e-01	1.8322e-04	1.1755e-36	9.9015e-01	9.8463e-03	6.5600e-19	1.1755e-36	1.1755e-36	1.1755e-36	3.4308e-20	0.00e+00	0.00e+00
1.16541e+19	1.0000e+03	4.707e-23	1.0000e+02	1.4062e+00	2.9406e-09	9.8618e-01	1.3818e-02	1.0000e+00	3.5619e-09	1.1755e-36	2.8838e-12	2.5911e-05	9.9980e-01	1.7186e-04	1.1755e-36	9.9054e-01	9.4599e-03	6.1854e-19	1.1755e-36	1.1755e-36	1.1755e-36	3.2646e-20	0.00e+00	0.00e+00
1.16547e+19	1.0000e+03	4.354e-23	1.0000e+02	1.3522e+00	2.8181e-09	9.8672e-01	1.3278e-02	1.0000e+00	3.4970e-09	1.1755e-36	2.9102e-12	2.4916e-05	9.9981e-01	1.6114e-04	1.1755e-36	9.9091e-01	9.0886e-03	5.8322e-19	1.1755e-36	1.1755e-36	1.1755e-36	3.1067e-20	0.00e+00	0.00e+00
1.16553e+19	1.0000e+03	4.027e-23	1.0000e+02	1.3002e+00	2.6996e-09	9.8724e-01	1.2759e-02	1.0000e+00	3.4346e-09	1.1755e-36	2.9376e-12	2.3960e-05	9.9982e-01	1.5104e-04	1.1755e-36	9.9127e-01	8.7317e-03	5.4990e-19	1.1755e-36	1.1755e-36	1.1755e-36	2.9567e-20	0.00e+00	0.00e+00
1.16559e+19	1.0000e+03	3.725e-23	1.0000e+02	1.2502e+00	2.5851e-09	9.8774e-01	1.2260e-02	1.0000e+00	3.3745e-09	1.1755e-36	2.9658e-12	2.3040e-05	9.9984e-01	1.4153e-04	1.1755e-36	9.9161e-01	8.3886e-03	5.1847e-19	1.1755e-36	1.1755e-36	1.1755e-36	2.8144e-20	0.00e+00	0.00e+00
1.16564e+19	1.0000e+03	3.446e-23	1.0000e+02	1.2022e+00	2.4744e-09	9.8822e-01	1.1780e-02	1.0000e+00	3.3166e-09	1.1755e-36	2.9948e-12	2.2155e-05	9.9985e-01	1.3257e-04	1.1755e-36	9.9194e-01	8.0588e-03	4.8884e-19	1.1755e-36	1.1755e-36	1.1755e-36	2.6792e-20	0.00e+00	0.00e+00
1.16570e+19	1.0000e+03	3.187e-23	1.0000e+02	1.1560e+00	2.3675e-09	9.8868e-01	1.1319e-02	1.0000e+00	3.2610e-09	1.1755e-36	3.0246e-12	2.1305e-05	9.9985e-01	1.2414e-04	1.1755e-36	9.9226e-01	7.7419e-03	4.6088e-19	1.1755e-36	1.1755e-36	1.1755e-36	2.5509e-20	0.00e+00	0.00e+00
1.16576e+19	1.0000e+03	2.948e-23	1.0000e+02	1.1116e+00	2.2642e-09	9.8913e-01	1.0875e-02	1.0000e+00	3.2076e-09	1.1755e-36	3.0551e-12	2.0487e-05	9.9986e-01	1.1621e-04	1.1755e-36	9.9256e-01	7.4372e-03	4.3451e-19	1.1755e-36	1.1755e-36	1.1755e-36	2.4292e-20	0.00e+00	0.00e+00
1.16582e+19	1.0000e+03	2.726e-23	1.0000e+02	1.0689e+00	2.1645e-09	9.8955e-01	1.0448e-02	1.0000e+00	3.1563e-09	1.1755e-36	3.0862e-12	1.9700e-05	9.9987e-01	1.0875e-04	1.1755e-36	9.9286e-01	7.1443e-03	4.0965e-19	1.1755e-36	1.1755e-36	1.1755e-36	2.3136e-20	0.00e+00	0.00e+00
1.16588e+19	1.0000e+03	2.521e-23	1.0000e+02	1.0278e+00	2.0682e-09	9.8996e-01	1.0038e-02	1.0000e+00	3.1071e-09	1.1755e-36	3.1180e-12	1.8944e-05	9.9988e-01	1.0173e-04	1.1755e-36	9.9314e-01	6.8628e-03	3.8619e-19	1.1755e-36	1.1755e-36	1.1755e-36	2.2039e-20	0.00e+00	0.00e+00
1.16594e+19	1.0000e+03	2.332e-23	1.0000e+02	9.8832e-01	1.9752e-09	9.9036e-01	9.6432e-03	1.0000e+00	3.0600e-09	1.1755e-36	3.1503e-12	1.8217e-05	9.9989e-01	9.5143e-05	1.1755e-36	9.9341e-01	6.5922e-03	3.6406e-19	1.1755e-36	1.1755e-36	1.1755e-36	2.0998e-20	0.00e+00	0.00e+00
1.16599e+19	1.0000e+03	2.157e-23	1.0000e+02	9.5035e-01	1.8855e-09	9.9074e-01	9.2638e-03	1.0000e+00	3.0149e-09	1.1755e-36	3.1831e-12	1.7518e-05	9.9989e-01	8.8952e-05	1.1755e-36	9.9367e-01	6.3320e-03	3.4319e-19	1.1755e-36	1.1755e-36	1.1755e-36	2.0011e-20	0.00e+00	0.00e+00
1.16605e+19	1.0000e+03	1.994e-23	1.0000e+02	9.1384e-01	1.7990e-09	9.9110e-01	8.8991e-03	1.0000e+00	2.9718e-09	1.1755e-36	3.2165e-12	1.6845e-05	9.9990e-01	8.3138e-05	1.1755e-36	9.9392e-01	6.0820e-03	3.2350e-19	1.1755e-36	1.1755e-36	1.1755e-36	1.9074e-20	0.00e+00	0.00e+00
1.16611e+19	1.0000e+03	1.844e-23	1.0000e+02	8.7874e-01	1.7155e-09	9.9145e-01	8.5484e-03	1.0000e+00	2.9307e-09	1.1755e-36	3.2502e-12	1.6199e-05	9.9991e-01	7.7679e-05	1.1755e-36	9.9416e-01	5.8416e-03	3.0492e-19	1.1755e-36	1.1755e-36	1.1755e-36	1.8184e-20	0.00e+00	0.00e+00
1.16617e+19	1.0000e+03	1.706e-23	1.0000e+02	8.4499e-01	1.6350e-09	9.9179e-01	8.2112e-03	1.0000e+00	2.8915e-09	1.1755e-36	3.2844e-12	1.5577e-05	9.9991e-01	7.2557e-05	1.1755e-36	9.9439e-01	5.6105e-03	2.8740e-19	1.1755e-36	1.1755e-36	1.1755e-36	1.7340e-20	0.00e+00	0.00e+00
1.16623e+19	1.0000e+03	1.577e-23	1.0000e+02	8.1254e-01	1.5574e-09	9.9211e-01	7.8870e-03	1.0000e+00	2.8542e-09	1.1755e-36	3.3188e-12	1.4980e-05	9.9992e-01	6.7751e-05	1.1755e-36	9.9461e-01	5.3884e-03	2.7087e-19	1.1755e-36	1.1755e-36	1.1755e-36	1.6539e-20	0.00e+00	0.00e+00
1.16629e+19	1.0000e+03	1.458e-23	1.0000e+02	7.8135e-01	1.4826e-09	9.9242e-01	7.5751e-03	1.0000e+00	2.8188e-09	1.1755e-36	3.3536e-12	1.4405e-05	9.9992e-01	6.3245e-05	1.1755e-36	9.9483e-01	5.1747e-03	2.5528e-19	1.1755e-36	1.1755e-36	1.1755e-36	1.5779e-20	0.00e+00	0.00e+00
1.16635e+19	1.0000e+03	1.349e-23	1.0000e+02	7.5134e-01	1.4104e-09	9.9272e-01	7.2753e-03	1.0000e+00	2.7854e-09	1.1755e-36	3.3886e-12	1.3852e-05	9.9993e-01	5.9018e-05	1.1755e-36	9.9503e-01	4.9694e-03	2.4056e-19	1.1755e-36	1.1755e-36	1.1755e-36	1.5058e-20	0.00e+00	0.00e+00
1.16641e+19	1.0000e+03	1.247e-23	1.0000e+02	7.2249e-01	1.3409e-09	9.9301e-01	6.9870e-03	1.0000e+00	2.7538e-09	1.1755e-36	3.4237e-12	1.3321e-05	9.9993e-01	5.5058e-05	1.1755e-36	9.9523e-01	4.7720e-03	2.2668e-19	1.1755e-36	1.1755e-36	1.1755e-36	1.4373e-20	0.00e+00	0.00e+00
1.16646e+19	1.0000e+03	1.153e-23	1.0000e+02	6.9475e-01	1.2739e-09	9.9329e-01	6.7098e-03	1.0000e+00	2.7242e-09	1.1755e-36	3.4590e-12	1.2810e-05	9.9994e-01	5.1347e-05	1.1755e-36	9.9542e-01	4.5823e-03	2.1359e-19	1.1755e-36	1.1755e-36	1.1755e-36	1.3723e-20	0.00e+00	0.00e+00
1.16652e+19	1.0000e+03	1.066e-23	1.0000e+02	6.6809e-01	1.2094e-09	9.9356e-01	6.4434e-03	1.0000e+00	2.6966e-09	1.1755e-36	3.4944e-12	1.2318e-05	9.9994e-01	4.7872e-05	1.1755e-36	9.9560e-01	4.3999e-03	2.0124e-19	1.1755e-36	1.1755e-36	1.1755e-36	1.3106e-20	0.00e+00	0.00e+00
1.16658e+19	1.0000e+03	9.855e-24	1.0000e+02	6.4244e-01	1.1472e-09	9.9381e-01	6.1872e-03	1.0000e+00	2.6709e-09	1.1755e-36	3.5299e-12	1.1846e-05	9.9994e-01	4.4618e-05	1.1755e-36	9.9578e-01	4.2245e-03	1.8959e-19	1.1755e-36	1.1755e-36	1.1755e-36	1.2521e-20	0.00e+00	0.00e+00
1.16664e+19	1.0000e+03	9.111e-24	1.0000e+02	6.1779e-01	1.0874e-09	9.9406e-01	5.9408e-03	1.0000e+00	2.6471e-09	1.1755e-36	3.5653e-12	1.1392e-05	9.9995e-01	4.1571e-05	1.1755e-36	9.9594e-01	4.0559e-03	1.7860e-19	1.1755e-36	1.1755e-36	1.1755e-36	1.1965e-20	0.00e+00	0.00e+00
1.16670e+19	1.0000e+03	8.423e-24	1.0000e+02	5.9408e-01	1.0298e-09	9.9430e-01	5.7039e-03	1.0000e+00	2.6254e-09	1.1755e-36	3.6008e-12	1.0955e-05	9.9995e-01	3.8720e-05	1.1755e-36	9.9611e-01	3.8939e-03	1.6823e-19	1.1755e-36	1.1755e-36	1.1755e-36	1.1437e-20	0.00e+00	0.00e+00
1.16676e+19	1.0000e+03	7.787e-24	1.0000e+02	5.7129e-01	9.7434e-10	9.9452e-01	5.4762e-03	1.0000e+00	2.6058e-09	1.1755e-36	3.6361e-12	1.0535e-05	9.9995e-01	3.6053e-05	1.1755e-36	9.9626e-01	3.7381e-03	1.5844e-19	1.1755e-36	1.1755e-36	1.1755e-36	1.0935e-20	0.00e+00	0.00e+00
1.16682e+19	1.0000e+03	7.198e-24	1.0000e+02	5.4937e-01	9.2097e-10	9.9474e-01	5.2572e-03	1.0000e+00	2.5883e-09	1.1755e-36	3.6714e-12	1.0131e-05	9.9996e-01	3.3558e-05	1.1755e-36	9.9641e-01	3.5883e-03	1.4922e-19	1.1755e-36	1.1755e-36	1.1755e-36	1.0459e-20	0.00e+00	0.00e+00
1.16688e+19	1.0000e+03	6.654e-24	1.0000e+02	5.2830e-01	8.6962e-10	9.9495e-01	5.0467e-03	1.0000e+00	2.5731e-09	1.1755e-36	3.7065e-12	9.7427e-06	9.9996e-01	3.1225e-05	1.1755e-36	9.9656e-01	3.4444e-03	1.4051e-19	1.1755e-36	1.1755e-36	1.1755e-36	1.0007e-20	0.00e+00	0.00e+00
1.16694e+19	1.0000e+03	6.150e-24	1.0000e+02	5.0804e-01	8.2023e-10	9.9516e-01	4.8442e-03	1.0000e+00	2.5602e-09	1.1755e-36	3.7414e-12	9.3693e-06	9.9996e-01	2.9044e-05	1.1755e-36	9.9669e-01	3.3060e-03	1.3230e-19	1.1755e-36	1.1755e-36	1.1755e-36	9.5773e-21	0.00e+00	0.00e+00
1.16700e+19	1.0000e+03	5.684e-24	1.0000e+02	4.8856e-01	7.7272e-10	9.9535e-01	4.6496e-03	1.0000e+00	2.5498e-09	1.1755e-36	3.7760e-12	9.0103e-06	9.9996e-01	2.7006e-05	1.1755e-36	9.9683e-01	3.1729e-03	1.2455e-19	1.1755e-36	1.1755e-36	1.1755e-36	9.1693e-21	0.00e+00	0.00e+00
1.16706e+19	1.0000e+03	5.254e-24	1.0000e+02	4.6983e-01	7.2703e-10	9.9554e-01	4.4625e-03	1.0000e+00	2.5419e-09	1.1755e-36	3.8105e-12	8.6651e-06	9.9997e-01	2.5101e-05	1.1755e-36	9.9695e-01	3.0450e-03	1.1725e-19	1.1755e-36	1.1755e-36	1.1755e-36	8.7817e-21	0.00e+00	0.00e+00
1.16712e+19	1.0000e+03	4.855e-24	1.0000e+02	4.5182e-01	6.8311e-10	9.9572e-01	4.2825e-03	1.0000e+00	2.5368e-09	1.1755e-36	3.8446e-12	8.3332e-06	9.9997e-01	2.3322e-05	1.1755e-36	9.9708e-01	2.9220e-03	1.1035e-19	1.1755e-36	1.1755e-36	1.1755e-36	8.4135e-21	0.00e+00	0.00e+00
1.16719e+19	1.0000e+03	4.487e-24	1.0000e+02	4.3451e-01	6.4089e-10	9.9589e-01	4.1095e-03	1.0000e+00	2.5346e-09	1.1755e-36	3.8784e-12	8.0141e-06	9.9997e-01	2.1661e-05	1.1755e-36	9.9720e-01	2.8038e-03	1.0385e-19	1.1755e-36	1.1755e-36	1.1755e-36	8.0637e-21	0.00e+00	0.00e+00
1.16725e+19	1.0000e+03	4.146e-24	1.0000e+02	4.1786e-01	6.0033e-10	9.9606e-01	3.9432e-03	1.0000e+00	2.5357e-09	1.1755e-36	3.9119e-12	7.7073e-06	9.9997e-01	2.0110e-05	1.1755e-36	9.9731e-01	2.6901e-03	9.7718e-20	1.1755e-36	1.1755e-36	1.1755e-36	7.7313e-21	0.00e+00	0.00e+00
1.16731e+19	1.0000e+03	3.831e-24	1.0000e+02	4.0186e-01	5.6137e-10	9.9622e-01	3.7832e-03	1.0000e+00	2.5402e-09	1.1755e-36	3.9451e-12	7.4123e-06	9.9997e-01	1.8662e-05	1.1755e-36	9.9742e-01	2.5809e-03	9.1934e-20	1.1755e-36	1.1755e-36	1.1755e-36	7.4154e-21	0.00e+00	0.00e+00
1.16737e+19	1.0000e+03	3.540e-24	1.0000e+02	3.8648e-01	5.2397e-10	9.9637e-01	3.6293e-03	1.0000e+00	2.5484e-09	1.1755e-36	3.9778e-12	7.1289e-06	9.9998e-01	1.7311e-05	1.1755e-36	9.9752e-01	2.4757e-03	8.6474e-20	1.1755e-36	1.1755e-36	1.1755e-36	7.1155e-21	0.00e+00	0.00e+00
1.16743e+19	1.0000e+03	3.270e-24	1.0000e+02	3.7168e-01	4.8803e-10	9.9652e-01	3.4811e-03	1.0000e+00	2.5610e-09	1.1755e-36	4.0101e-12	6.8560e-06	9.9998e-01	1.6050e-05	1.1755e-36	9.9763e-01	2.3746e-03	8.1326e-20	1.1755e-36	1.1755e-36	1.1755e-36	6.8304e-21	0.00e+00	0.00e+00
1.16749e+19	1.0000e+03	3.021e-24	1.0000e+02	3.5745e-01	4.5353e-10	9.9666e-01	3.3389e-03	1.0000e+00	2.5780e-09	1.1755e-36	4.0421e-12	6.5937e-06	9.9998e-01	1.4874e-05	1.1755e-36	9.9772e-01	2.2775e-03	7.6469e-20	1.1755e-36	1.1755e-36	1.1755e-36	6.5593e-21	0.00e+00	0.00e+00
1.16756e+19	1.0000e+03	2.791e-24	1.0000e+02	3.4377e-01	4.2045e-10	9.9680e-01	3.2022e-03	1.0000e+00	2.6006e-09	1.1755e-36	4.0735e-12	6.3416e-06	9.9998e-01	1.3777e-05	1.1755e-36	9.9782e-01	2.1842e-03	7.1890e-20	1.1755e-36	1.1755e-36	1.1755e-36	6.3020e-21	0.00e+00	0.00e+00
1.16762e+19	1.0000e+03	2.578e-24	1.0000e+02	3.3063e-01	3.8875e-10	9.9693e-01	3.0709e-03	1.0000e+00	2.6292e-09	1.1755e-36	4.1045e-12	6.0993e-06	9.9998e-01	1.2754e-05	1.1755e-36	9.9791e-01	2.0945e-03	6.7572e-20	1.1755e-36	1.1755e-36	1.1755e-36	6.0577e-21	0.00e+00	0.00e+00
1.16768e+19	1.0000e+03	2.381e-24	1.0000e+02	3.1799e-01	3.5836e-10	9.9706e-01	2.9446e-03	1.0000e+00	2.6646e-09	1.1755e-36	4.1350e-12	5.8663e-06	9.9998e-01	1.1801e-05	1.1755e-36	9.9799e-01	2.0082e-03	6.3499e-20	1.1755e-36	1.1755e-36	1.1755e-36	5.8257e-21	0.00e+00	0.00e+00
1.16775e+19	1.0000e+03	2.199e-24	1.0000e+02	3.0584e-01	3.2926e-10	9.9718e-01	2.8232e-03	1.0000e+00	2.7078e-09	1.1755e-36	4.1651e-12	5.6423e-06	9.9998e-01	1.0913e-05	1.1755e-36	9.9807e-01	1.9253e-03	5.9658e-20	1.1755e-36	1.1755e-36	1.1755e-36	5.6055e-21	0.00e+00	0.00e+00
1.16781e+19	1.0000e+03	2.030e-24	1.0000e+02	2.9416e-01	3.0141e-10	9.9729e-01	2.7064e-03	1.0000e+00	2.7603e-09	1.1755e-36	4.1946e-12	5.4269e-06	9.9998e-01	1.0085e-05	1.1755e-36	9.9815e-01	1.8456e-03	5.6034e-20	1.1755e-36	1.1755e-36	1.1755e-36	5.3966e-21	0.00e+00	0.00e+00
1.16788e+19	1.0000e+03	1.874e-24	1.0000e+02	2.8293e-01	2.7479e-10	9.9741e-01	2.5941e-03	1.0000e+00	2.8237e-09	1.1755e-36	4.2237e-12	5.2198e-06	9.9999e-01	9.3137e-06	1.1755e-36	9.9823e-01	1.7690e-03	5.2618e-20	1.1755e-36	1.1755e-36	1.1755e-36	5.1985e-21	0.00e+00	0.00e+00
1.16794e+19	1.0000e+03	1.731e-24	1.0000e+02	2.7213e-01	2.4934e-10	9.9751e-01	2.4862e-03	1.0000e+00	2.9004e-09	1.1755e-36	4.2522e-12	5.0208e-06	9.9999e-01	8.5955e-06	1.1755e-36	9.9830e-01	1.6953e-03	4.9396e-20	1.1755e-36	1.1755e-36	1.1755e-36	5.0107e-21	0.00e+00	0.00e+00
1.16801e+19	1.0000e+03	1.597e-24	1.0000e+02	2.6176e-01	2.2508e-10	9.9762e-01	2.3825e-03	1.0000e+00	2.9930e-09	1.1755e-36	4.2802e-12	4.8295e-06	9.9999e-01	7.9267e-06	1.1755e-36	9.9838e-01	1.6245e-03	4.6358e-20	1.1755e-36	1.1755e-36	1.1755e-36	4.8331e-21	0.00e+00	0.00e+00
1.16807e+19	1.0000e+03	1.474e-24	1.0000e+02	2.5178e-01	2.0198e-10	9.9772e-01	2.2829e-03	1.0000e+00	3.1048e-09	1.1755e-36	4.3078e-12	4.6456e-06	9.9999e-01	7.3042e-06	1.1755e-36	9.9844e-01	1.5565e-03	4.3493e-20	1.1755e-36	1.1755e-36	1.1755e-36	4.6652e-21	0.00e+00	0.00e+00
1.16814e+19	1.0000e+03	1.361e-24	1.0000e+02	2.4220e-01	1.8002e-10	9.9781e-01	2.1871e-03	1.0000e+00	3.2407e-09	1.1755e-36	4.3348e-12	4.4688e-06	9.9999e-01	6.7246e-06	1.1755e-36	9.9851e-01	1.4911e-03	4.0792e-20	1.1755e-36	1.1755e-36	1.1755e-36	4.5069e-21	0.00e+00	0.00e+00
1.16821e+19	1.0000e+03	1.255e-24	1.0000e+02	2.3298e-01	1.5922e-10	9.9791e-01	2.0950e-03	1.0000e+00	3.4069e-09	1.1755e-36	4.3613e-12	4.2989e-06	9.9999e-01	6.1853e-06	1.1755e-36	9.9857e-01	1.4283e-03	3.8245e-20	1.1755e-36	1.1755e-36	1.1755e-36	4.3579e-21	0.00e+00	0.00e+00
1.16827e+19	1.0000e+03	1.158e-24	1.0000e+02	2.2413e-01	1.3957e-10	9.9799e-01	2.0065e-03	1.0000e+00	3.6119e-09	1.1755e-36	4.3873e-12	4.1356e-06	9.9999e-01	5.6835e-06	1.1755e-36	9.9863e-01	1.3679e-03	3.5844e-20	1.1755e-36	1.1755e-36	1.1755e-36	4.2181e-21	0.00e+00	0.00e+00
1.16834e+19	1.0000e+03	1.068e-24	1.0000e+02	2.1561e-01	1.2110e-10	9.9808e-01	1.9215e-03	1.0000e+00	3.8674e-09	1.1755e-36	4.4128e-12	3.9787e-06	9.9999e-01	5.2168e-06	1.1755e-36	9.9869e-01	1.3099e-03	3.3580e-20	1.1755e-36	1.1755e-36	1.1755e-36	4.0876e-21	0.00e+00	0.00e+00
1.16841e+19	1.0000e+03	9.846e-25	1.0000e+02	2.0744e-01	1.0386e-10	9.9816e-01	1.8398e-03	1.0000e+00	4.1897e-09	1.1755e-36	4.4379e-12	3.8279e-06	9.9999e-01	4.7826e-06	1.1755e-36	9.9875e-01	1.2541e-03	3.1446e-20	1.1755e-36	1.1755e-36	1.1755e-36	3.9665e-21	0.00e+00	0.00e+00
1.16848e+19	1.0000e+03	9.075e-25	1.0000e+02	1.9958e-01	8.7883e-11	9.9824e-01	1.7613e-03	1.0000e+00	4.6020e-09	1.1755e-36	4.4625e-12	3.6830e-06	9.9999e-01	4.3787e-06	1.1755e-36	9.9880e-01	1.2006e-03	2.9434e-20	1.1755e-36	1.1755e-36	1.1755e-36	3.8550e-21	0.00e+00	0.00e+00
1.16856e+19	1.0000e+03	8.361e-25	1.0000e+02	1.9204e-01	7.3261e-11	9.9831e-01	1.6860e-03	1.0000e+00	5.1376e-09	1.1755e-36	4.4868e-12	3.5439e-06	9.9999e-01	4.0032e-06	1.1755e-36	9.9885e-01	1.1492e-03	2.7538e-20	1.1755e-36	1.1755e-36	1.1755e-36	3.7536e-21	0.00e+00	0.00e+00
1.16863e+19	1.0000e+03	7.699e-25	1.0000e+02	1.8479e-01	6.0086e-11	9.9839e-01	1.6138e-03	1.0000e+00	5.8446e-09	1.1755e-36	4.5106e-12	3.4104e-06	9.9999e-01	3.6538e-06	1.1755e-36	9.9890e-01	1.0999e-03	2.5751e-20	1.1755e-36	1.1755e-36	1.1755e-36	3.6628e-21	0.00e+00	0.00e+00
1.16870e+19	1.0000e+03	7.085e-25	1.0000e+02	1.7784e-01	4.8467e-11	9.9846e-01	1.5446e-03	1.0000e+00	6.7917e-09	1.1755e-36	4.5341e-12	3.2823e-06	9.9999e-01	3.3287e-06	1.1755e-36	9.9895e-01	1.0527e-03	2.4069e-20	1.1755e-36	1.1755e-36	1.1755e-36	3.5833e-21	0.00e+00	0.00e+00
1.16878e+19	1.0000e+03	6.516e-25	1.0000e+02	1.7118e-01	3.8470e-11	9.9852e-01	1.4783e-03	1.0000e+00	8.0841e-09	1.1755e-36	4.5573e-12	3.1594e-06	9.9999e-01	3.0251e-06	1.1755e-36	9.9899e-01	1.0072e-03	2.2469e-20	1.1755e-36	1.1755e-36	1.1755e-36	3.5153e-21	0.00e+00	0.00e+00
1.16886e+19	1.0000e+03	5.985e-25	1.0000e+02	1.6481e-01	3.0242e-11	9.9858e-01	1.4153e-03	1.0000e+00	9.8339e-09	1.1755e-36	4.5801e-12	3.0421e-06	9.9999e-01	2.7427e-06	1.1755e-36	9.9904e-01	9.6420e-04	2.0982e-20	1.1755e-36	1.1755e-36	1.1755e-36	3.4599e-21	0.00e+00	0.00e+00
1.16894e+19	1.0000e+03	5.489e-25	1.0000e+02	1.5874e-01	2.3797e-11	9.9864e-01	1.3558e-03	1.0000e+00	1.2153e-08	1.1755e-36	4.6025e-12	2.9303e-06	9.9999e-01	2.4785e-06	1.1755e-36	9.9908e-01	9.2353e-04	1.9586e-20	1.1755e-36	1.1755e-36	1.1755e-36	3.4169e-21	0.00e+00	0.00e+00
1.16902e+19	1.0000e+03	5.023e-25	1.0000e+02	1.5298e-01	1.9047e-11	9.9870e-01	1.3001e-03	1.0000e+00	1.5036e-08	1.1755e-36	4.6244e-12	2.8242e-06	9.9999e-01	2.2306e-06	1.1755e-36	9.9911e-01	8.8571e-04	1.8292e-20	1.1755e-36	1.1755e-36	1.1755e-36	3.3859e-21	0.00e+00	0.00e+00
1.16911e+19	1.0000e+03	4.600e-25	1.0000e+02	1.4754e-01	1.5760e-11	9.9875e-01	1.2480e-03	1.0000e+00	1.8243e-08	1.1755e-36	4.6458e-12	2.7241e-06	1.0000e+00	1.9948e-06	1.1755e-36	9.9915e-01	8.5008e-04	1.7065e-20	1.1755e-36	1.1755e-36	1.1755e-36	3.3650e-21	0.00e+00	0.00e+00
1.16921e+19	1.0000e+03	4.203e-25	1.0000e+02	1.4241e-01	1.3669e-11	9.9880e-01	1.1988e-03	1.0000e+00	2.1049e-08	1.1755e-36	4.6664e-12	2.6297e-06	1.0000e+00	1.7683e-06	1.1755e-36	9.9918e-01	8.1643e-04	1.5896e-20	1.1755e-36	1.1755e-36	1.1755e-36	3.3524e-21	0.00e+00	0.00e+00
1.16931e+19	1.0000e+03	3.823e-25	1.0000e+02	1.3750e-01	1.2382e-11	9.9885e-01	1.1510e-03	1.0000e+00	2.2694e-08	1.1755e-36	4.6868e-12	2.5392e-06	1.0000e+00	1.5483e-06	1.1755e-36	9.9922e-01	7.8368e-04	1.4752e-20	1.1755e-36	1.1755e-36	1.1755e-36	3.3455e-21	0.00e+00	0.00e+00
1.16943e+19	1.0000e+03	3.456e-25	1.0000e+02	1.3270e-01	1.1601e-11	9.9890e-01	1.1030e-03	1.0000e+00	2.2806e-08	1.1755e-36	4.7070e-12	2.4510e-06	1.0000e+00	1.3349e-06	1.1755e-36	9.9925e-01	7.5090e-04	1.3614e-20	1.1755e-36	1.1755e-36	1.1755e-36	3.3422e-21	0.00e+00	0.00e+00
1.16956e+19	1.0000e+03	3.109e-25	1.0000e+02	1.2799e-01	1.1114e-11	9.9894e-01	1.0552e-03	1.0000e+00	2.1583e-08	1.1755e-36	4.7273e-12	2.3644e-06	1.0000e+00	1.1322e-06	1.1755e-36	9.9928e-01	7.1827e-04	1.2492e-20	1.1755e-36	1.1755e-36	1.1755e-36	3.3411e-21	0.00e+00	0.00e+00
1.16970e+19	1.0000e+03	2.788e-25	1.0000e+02	1.2345e-01	1.0797e-11	9.9899e-01	1.0089e-03	1.0000e+00	1.9514e-08	1.1755e-36	4.7472e-12	2.2810e-06	1.0000e+00	9.4548e-07	1.1755e-36	9.9931e-01	6.8671e-04	1.1413e-20	1.1755e-36	1.1755e-36	1.1755e-36	3.3412e-21	0.00e+00	0.00e+00
1.16985e+19	1.0000e+03	2.499e-25	1.0000e+02	1.1913e-01	1.0579e-11	9.9903e-01	9.6511e-04	1.0000e+00	1.7061e-08	1.1755e-36	4.7665e-12	2.2017e-06	1.0000e+00	7.7718e-07	1.1755e-36	9.9934e-01	6.5694e-04	1.0392e-20	1.1755e-36	1.1755e-36	1.1755e-36	3.3421e-21	0.00e+00	0.00e+00
1.17002e+19	1.0000e+03	2.241e-25	1.0000e+02	1.1506e-01	1.0425e-11	9.9908e-01	9.2386e-04	1.0000e+00	1.4460e-08	1.1755e-36	4.7850e-12	2.1270e-06	1.0000e+00	6.2679e-07	1.1755e-36	9.9937e-01	6.2887e-04	9.4245e-21	1.1755e-36	1.1755e-36	1.1755e-36	3.3434e-21	0.00e+00	0.00e+00
1.17021e+19	1.0000e+03	2.010e-25	1.0000e+02	1.1121e-01	1.0310e-11	9.9912e-01	8.8487e-04	1.0000e+00	1.1852e-08	1.1755e-36	4.8028e-12	2.0565e-06	1.0000e+00	4.9231e-07	1.1755e-36	9.9940e-01	6.0194e-04	1.1755e-36	1.1755e-36	1.1755e-36	1.1755e-36	3.3451e-21	0.00e+00	0.00e+00
1.17043e+19	1.0000e+03	1.805e-25	1.0000e+02	1.0758e-01	1.0226e-11	9.9915e-01	8.4776e-04	1.0000e+00	9.3113e-09	1.1755e-36	4.8201e-12	1.9900e-06	1.0000e+00	3.7345e-07	1.1755e-36	9.9942e-01	5.7677e-04	1.1755e-36	1.1755e-36	1.1755e-36	1.1755e-36	3.3472e-21	0.00e+00	0.00e+00
1.17068e+19	1.0000e+03	1.624e-25	1.0000e+02	1.0417e-01	1.0166e-11	9.9919e-01	8.1218e-04	1.0000e+00	6.9355e-09	1.1755e-36	4.8369e-12	1.9276e-06	1.0000e+00	2.7013e-07	1.1755e-36	9.9945e-01	5.5273e-04	1.1755e-36	1.1755e-36	1.1755e-36	1.1755e-36	3.3497e-21	0.00e+00	0.00e+00
1.17099e+19	1.0000e+03	1.468e-25	1.0000e+02	1.0093e-01	1.0123e-11	9.9922e-01	7.7896e-04	1.0000e+00	4.8265e-09	1.1755e-36	4.8535e-12	1.8686e-06	1.0000e+00	1.8277e-07	1.1755e-36	9.9947e-01	5.3020e-04	1.1755e-36	1.1755e-36	1.1755e-36	1.1755e-36	3.3527e-21	0.00e+00	0.00e+00
1.17136e+19	1.0000e+03	1.339e-25	1.0000e+02	9.7907e-02	1.0096e-11	9.9925e-01	7.4647e-04	1.0000e+00	3.0498e-09	1.1755e-36	4.8699e-12	1.8136e-06	1.0000e+00	1.1283e-07	1.1755e-36	9.9949e-01	5.0806e-04	1.1755e-36	1.1755e-36	1.1755e-36	1.1755e-36	3.3564e-21	0.00e+00	0.00e+00
